-46.05977249,-52.912323,79.38170624
-46.02066803,-53.35877609,79.00855255
-45.97267532,-52.21985626,78.10270691
-45.94248199,-51.72641373,78.62823486
-45.94753265,-53.07355881,78.43109131
-45.54827118,-53.66720963,79.80080414
-45.5164566,-51.56195068,79.7223587
-45.50013351,-52.4357338,77.51293945
-45.2338829,-50.71509171,79.0427475
-45.56825256,-53.47278976,78.56129456
-45.46128845,-52.59255219,80.16294098
-45.17757416,-52.46768188,78.62676239
-45.33241272,-50.81596756,78.2763443
-45.16889191,-52.13265991,77.43950653
-45.1985054,-54.09904861,79.4465332
-45.04803085,-51.40105057,77.41769409
-44.95793533,-49.67153931,77.11793518
-44.99492264,-50.77057648,76.68560791
-44.96575546,-49.70746994,78.36934662
-44.88438416,-52.50229263,78.36836243
-44.53807068,-50.30438995,79.88935852
-44.83686066,-53.53188324,77.77787018
-44.63568497,-54.42938614,80.29634857
-44.38227081,-54.86652374,79.81742096
-44.64670944,-53.16360092,77.23213959
-44.10552597,-53.13358688,80.83190918
-43.50553131,-50.522789,81.01624298
-44.52861404,-50.20369339,75.67221832
-44.22323608,-52.12069321,75.97340393
-44.20241928,-50.63671112,80.49305725
-44.08534622,-53.91658783,77.53975677
-44.24248886,-54.66949463,79.15068817
-44.117939,-52.93484879,76.81778717
-43.90302658,-52.89586639,76.11714935
-43.86680222,-51.65559387,74.97589874
-44.13550568,-48.44794083,76.39467621
-43.29722595,-47.17710114,77.25627899
-43.35456848,-47.46207047,78.24162292
-43.76344299,-54.33653641,77.9658432
-43.8377533,-54.9454155,79.42661285
-43.78480911,-54.85667038,80.13087463
-43.25107956,-53.75070572,80.92736053
-43.65763092,-48.55133057,75.09381866
-43.24447632,-53.87942505,77.08872986
-43.23477173,-53.99235153,79.37794495
-43.47750092,-52.45100021,75.44879913
-43.14929962,-48.74961472,74.18239594
-43.30089951,-55.08593369,79.50920105
-42.60603333,-54.07040787,76.66333008
-43.2989006,-49.66199875,74.29149628
-43.10415649,-54.37309265,77.99731445
-43.09460068,-50.43619919,74.26319885
-42.85038376,-54.89686584,78.76911926
-42.81181717,-54.73237228,80.07352448
-42.19901657,-51.8295517,81.39124298
-42.603302,-53.32022476,75.92170715
-42.45723343,-46.71619034,79.42744446
-42.80989838,-50.69940186,74.56220245
-42.50125885,-54.54990005,78.68270111
-42.74983597,-47.46169662,80.54612732
-42.33649445,-50.88841248,81.58028412
-42.72990036,-46.30939865,75.96309662
-42.55239487,-54.78757858,79.34501648
-41.52309036,-46.25265884,73.56790924
-42.14081955,-54.26102066,78.30724335
-42.15073395,-47.44960022,81.59850311
-41.84053421,-52.55215073,81.07907104
-42.3771019,-51.34909821,75.20819855
-41.9824791,-53.72723007,80.53093719
-42.12749863,-48.2969017,73.48079681
-41.57314301,-47.66546631,82.12924957
-41.61005783,-45.58482742,74.44965363
-41.69730377,-54.328022,77.28682709
-41.75511169,-52.17465591,75.86850739
-41.18337631,-44.26460266,77.45228577
-41.85879898,-53.92770004,76.19979858
-41.8117981,-48.73400116,73.60820007
-41.71504593,-54.19584656,79.77536774
-41.78419876,-45.3647995,78.57499695
-41.4910202,-49.07400131,74.65247345
-40.93395996,-48.00193405,82.36814117
-40.99317169,-44.02581787,75.65678406
-40.32590485,-43.91307068,81.55887604
-40.81430435,-52.06150436,81.00482941
-40.52161407,-48.47268295,82.62345886
-40.96959686,-54.45332336,78.55838776
-41.02700043,-46.32149887,72.95179749
-41.01959991,-54.31499863,76.32640076
-40.91996765,-51.08534241,70.29571533
-40.7829895,-53.54393005,80.31037903
-40.83399963,-49.71379852,75.03510284
-40.81359863,-46.79249954,72.98269653
-40.76084137,-27.38600159,91.70227051
-40.74219894,-52.84059906,75.96679688
-40.7015686,-27.66548729,91.64962769
-40.23436356,-54.07034302,79.32143402
-40.74584961,-52.21925354,70.29120636
-40.68980026,-43.72090149,78.86039734
-40.61330032,-26.91659927,87.64749908
-40.53222656,-27.30834579,87.69303894
-40.50550079,-47.11209869,73.19940186
-40.48519897,-27.09289932,91.71179962
-40.48275757,-49.97570419,71.67917633
-40.31966019,-27.79644585,92.40248108
-40.46630096,-27.97240067,92.1917038
-40.27895355,-52.55117035,69.83297729
-40.01148987,-49.06014633,82.60109711
-40.41095734,-50.94876099,69.75447845
-40.32926559,-49.86367798,71.0824585
-40.39550018,-47.29499817,73.85710144
-40.30389786,-49.26202393,69.9309845
-40.35630035,-49.25690079,70.23490143
-40.34230042,-43.69670105,79.87740326
-40.22496033,-27.70581436,91.25525665
-39.84126282,-44.61693192,72.82262421
-40.21508408,-51.23551559,71.54570007
-40.2719841,-51.42573929,71.01824951
-40.03715515,-54.36486435,77.36586761
-39.92080688,-50.4044342,75.40366364
-39.42622375,-46.7802887,74.4359436
-40.10490036,-44.52740097,82.35269928
-40.01995087,-28.08012009,90.66697693
-40.09051514,-28.0345726,91.85362244
-40.0727005,-38.45565796,82.97008514
-40.07148743,-50.96856308,70.95986176
-40.02100372,-51.6456337,70.51639557
-40.02840042,-42.4353981,76.43990326
-39.37974548,-48.22822952,70.29855347
-39.99010086,-43.13209915,74.05509949
-39.39324951,-51.82767105,69.19683838
-39.96110153,-54.25839996,78.20649719
-39.40250778,-53.55370712,70.68602753
-39.81981277,-49.75580215,70.4179306
-39.89351273,-38.45327377,81.56713104
-39.94629288,-39.6660881,83.79550934
-39.93429947,-52.89799881,70.49990082
-39.92499924,-42.29449844,77.5039978
-39.91492462,-43.19862366,80.94417572
-39.65457916,-27.06680298,92.01791382
-39.73808289,-51.73997879,70.98226929
-39.73965073,-37.55151367,80.60528564
-39.88050079,-53.37170029,75.9213028
-39.6914711,-27.92007828,88.25305176
-39.81472397,-28.42915154,91.16687012
-39.84759903,-26.57659912,90.64589691
-39.78197479,-39.44226074,82.73047638
-39.82948685,-29.03870201,91.88573456
-39.76511383,-48.54810333,71.57910919
-39.57839966,-52.78499985,80.12332916
-39.46099472,-41.79088974,78.34250641
-39.49826431,-37.95254135,83.75550842
-39.61662674,-39.08296967,81.82542419
-39.69499969,-45.11159897,82.81420135
-39.20285797,-49.5742569,82.210495
-39.68920135,-37.18069839,82.18939972
-39.51604843,-38.27857971,81.38342285
-39.64759827,-49.31990051,71.01550293
-39.64690018,-37.20949936,79.04199982
-39.50099564,-50.49145508,71.38232422
-39.63625336,-40.46632767,83.14463806
-39.54547119,-41.08935165,84.13160706
-39.60340118,-45.23160172,72.74829865
-39.54340363,-28.85446739,91.52635193
-39.5844574,-37.75394058,80.61768341
-39.56399918,-39.29370117,84.71679688
-39.47651291,-39.16956711,80.04682159
-39.19649887,-52.3771553,71.34436035
-39.26119995,-53.45515823,70.97763824
-39.12532425,-50.22803879,68.95868683
-38.72071457,-52.64851379,69.55760193
-39.51699829,-53.69990158,75.92310333
-39.5094986,-51.86780167,71.61440277
-39.50529861,-41.93000031,80.98889923
-39.4654007,-48.12030029,70.96520233
-39.40936661,-37.88103867,80.89306641
-39.45332336,-39.94651031,82.39110565
-39.39347839,-41.99204254,82.68990326
-39.38941956,-41.29309845,82.1337738
-39.28335953,-39.26203918,79.22357941
-39.24242401,-27.94486046,89.75028992
-39.4294014,-42.11610031,79.94450378
-39.49065399,-47.71221924,69.98291016
-39.27923584,-53.47060394,70.404953
-39.04752731,-39.5200386,81.95281982
-39.36909866,-36.46250153,77.90989685
-39.36840057,-48.22320175,74.66500092
-39.35380173,-45.4858017,72.98829651
-39.32089996,-27.13150024,85.0490036
-39.27873993,-40.99010468,76.09273529
-39.3103981,-41.09790039,75.20829773
-38.2770195,-44.21713257,73.40475464
-39.30250168,-52.09809875,70.71549988
-39.28310013,-26.78639984,84.79570007
-39.16332626,-38.76600647,80.42080688
-39.2478981,-40.74580002,77.16919708
-39.2364006,-36.63850021,80.23419952
-38.64823914,-42.77503204,72.7513504
-39.12503433,-40.82481384,81.58095551
-39.21450043,-28.07889938,88.42870331
-39.17089844,-51.23089981,75.80670166
-38.89921951,-52.69764709,71.66597748
-39.14260101,-37.5951004,84.16639709
-38.81524277,-52.45308685,72.23013306
-39.1371994,-35.71829987,81.1339035
-39.09209824,-35.85380173,79.26950073
-39.06639862,-39.12490082,76.60569763
-39.06620026,-45.60169983,82.97460175
-39.04880524,-40.22031784,79.80487061
-39.05559921,-28.69639969,91.99169922
-38.86352921,-52.72581482,71.05519104
-38.9980011,-35.11869812,78.57769775
-38.82444,-27.25021553,85.38305664
-38.75156784,-39.79861832,80.51878357
-38.9756012,-29.7446003,71.49279785
-38.8454361,-38.96406937,77.95595551
-38.48374939,-47.32988358,70.76718903
-38.96060181,-48.08499908,70.92880249
-38.76878738,-51.44189835,68.94848633
-38.95421982,-42.68951416,83.21855927
-38.93709946,-50.7621994,81.11239624
-38.74821854,-36.94602585,84.90549469
-38.65781784,-40.64388657,81.08184052
-38.87689972,-38.88059998,85.20079803
-38.99687195,-47.14499283,71.84410095
-38.37748337,-53.67733765,76.67955017
-38.83969879,-41.0890007,79.39720154
-38.58405304,-39.89370346,81.65103149
-38.82239914,-40.29499817,78.42810059
-38.56562042,-35.80056763,83.9105835
-38.7969017,-51.12450027,71.5401001
-38.83428955,-53.43524933,78.8990097
-38.22533035,-48.06978989,69.04459381
-38.79090118,-41.29000092,84.47730255
-38.75452042,-41.14605713,80.83722687
-38.7417984,-37.35020065,76.50009918
-38.72800064,-28.17790031,73.4815979
-38.707901,-28.12809944,91.94920349
-38.68740082,-41.32789993,73.65679932
-38.667099,-29.38500023,69.38800049
-38.66490173,-31.87269974,71.01360321
-38.62239838,-27.47039986,91.83300018
-38.36275864,-52.45379257,71.75189972
-38.57030106,-46.13759995,83.33599854
-38.38869095,-45.74432755,70.8125
-37.83145523,-44.54936981,70.74105072
-38.51876831,-29.30748749,89.33742523
-38.44485855,-43.557827,72.8627243
-38.35004807,-40.02035141,81.0870285
-38.39702606,-51.64012527,71.87494659
-38.4435997,-51.83599854,76.06210327
-38.42720032,-27.79080009,71.24069977
-38.42499924,-34.98619843,80.55490112
-38.42409897,-31.44099998,69.27519989
-38.41460037,-30.20369911,90.15519714
-38.31223297,-35.03415298,81.94983673
-38.38629913,-48.96910095,74.89289856
-38.35419846,-39.21289825,73.8628006
-38.35329819,-46.49349976,71.20439911
-38.33319855,-48.57799911,71.85510254
-38.32759857,-35.37440109,76.58950043
-38.27972412,-42.92050171,83.69976044
-38.15619278,-53.49572372,77.45966339
-38.29339981,-48.60200119,82.55480194
-38.21728134,-29.89840508,89.91274261
-38.26760101,-30.21829987,90.38569641
-38.24639893,-29.04389954,75.56279755
-38.04891205,-49.5621109,68.86802673
-38.22650146,-27.99290085,85.99140167
-37.90833282,-52.36062622,72.8768692
-38.20769882,-37.63280106,86.15619659
-38.20600128,-25.54080009,87.88999939
-38.086483,-53.49613571,71.58973694
-38.16790009,-41.58129883,84.98860168
-37.90105057,-51.37667084,80.29589844
-38.15769958,-27.34770012,82.33820343
-38.15319824,-35.97079849,74.42890167
-38.14120102,-41.1114006,72.72049713
-37.49783325,-52.55661011,69.80800629
-38.11259842,-52.1216011,75.85410309
-38.11109924,-28.62560081,89.04759979
-38.01929855,-33.53310013,77.54190063
-37.85145569,-52.28081512,69.39807129
-38.01050186,-30.68860054,73.66220093
-38.00590134,-32.54380035,72.73000336
-37.12997055,-44.54931259,70.03044128
-37.57861328,-52.50389481,72.41043091
-37.93099976,-34.38959885,80.22190094
-37.92430115,-46.70080185,74.54499817
-37.82085419,-53.22338486,70.90693665
-37.85738754,-37.12798691,80.96252441
-37.88339996,-28.08040047,86.23069763
-37.91116333,-45.34236908,72.71685791
-37.56096649,-46.15343857,71.4230423
-37.85490036,-35.33480072,72.75930023
-37.84999847,-46.58440018,83.39890289
-37.64025116,-34.0213623,80.95470428
-37.84349823,-27.09860039,77.04370117
-37.83800125,-39.83000183,85.729599
-37.77531052,-37.61567688,81.59754181
-37.75695419,-49.01584244,71.70256805
-37.80400085,-28.0862999,82.92169952
-37.80179977,-41.40769958,72.37879944
-37.79199982,-34.16130066,83.35279846
-37.56323624,-44.47669601,71.11856079
-37.12167358,-52.30250168,71.63592529
-37.76350021,-28.29199982,78.16690063
-37.73300171,-40.24850082,73.31230164
-37.55666733,-37.96356964,80.52993011
-36.57519531,-51.70952988,75.3212204
-37.611763,-50.33946991,68.92925262
-37.64080048,-49.79919815,75.46659851
-37.6283989,-32.51309967,79.04720306
-37.52984619,-33.70475769,82.08448792
-37.57929993,-34.67819977,71.07920074
-37.55189896,-32.28770065,79.76999664
-37.36050034,-28.29408455,83.47787476
-37.43357468,-43.28487396,84.08172607
-37.4552002,-30.40940094,77.56030273
-37.44649887,-44.69940186,74.40350342
-37.43759918,-31.38240051,75.62509918
-37.42900085,-41.7881012,72.30259705
-37.2978363,-38.39330673,81.87264252
-37.41180038,-33.63769913,74.61849976
-37.39569855,-44.87129974,72.0463028
-37.39229965,-38.7818985,86.55370331
-36.92563629,-34.95196533,86.56813049
-37.31539917,-29.82130051,79.46060181
-37.2405014,-33.11270142,82.91349792
-37.23500061,-52.75999832,75.75080109
-37.23220062,-32.12639999,80.85600281
-37.22320175,-28.82740021,82.41329956
-37.02919388,-38.77407455,80.70681763
-36.98923874,-42.13212204,73.03350067
-37.15729904,-28.4701004,80.4957962
-36.96026611,-38.9843483,81.39167786
-36.46603775,-51.45209122,73.09931183
-37.09170151,-37.86399841,71.85690308
-37.08620071,-34.3832016,69.7519989
-37.08560181,-28.04630089,86.22879791
-37.08430099,-28.83029938,90.5164032
-37.06740189,-40.1692009,71.46279907
-37.06079865,-30.87070084,88.8309021
-37.0651207,-43.01157379,71.14440918
-37.05780029,-42.72829819,70.86699677
-37.00323486,-44.09201813,84.29216766
-37.03369904,-46.41859818,73.1210022
-37.06996155,-50.47044373,75.95330048
-36.98939896,-29.29120064,84.44010162
-36.97489929,-49.79560089,72.0707016
-36.16495132,-51.25560379,72.37632751
-36.96649933,-28.7378006,81.64949799
-36.94120026,-41.96709824,85.54460144
-36.74267578,-51.22510147,69.38265991
-36.92309952,-49.79940033,80.83039856
-36.90230179,-47.40019989,74.77940369
-36.90010071,-46.98160172,83.12290192
-36.88800049,-31.04759979,89.07479858
-36.8716011,-40.44369888,71.25710297
-35.86057281,-31.3271389,87.75871277
-36.81930161,-30.38019943,88.43720245
-36.47371674,-44.80466461,71.38909149
-36.76850128,-33.05580139,84.80709839
-36.75559998,-39.16019821,71.99720001
-35.54148483,-51.78682327,72.05075073
-36.74319839,-28.07130051,70.18419647
-36.74250031,-27.58090019,79.80249786
-36.46177292,-29.76215363,82.50942993
-36.69272995,-29.80311584,87.54559326
-36.71709824,-31.69079971,82.26509857
-36.71089935,-29.8234005,81.50440216
-36.70470047,-35.66889954,87.32250214
-36.67699814,-40.71670151,71.48660278
-36.67039871,-25.5795002,89.0318985
-36.6595993,-50.10469818,72.63159943
-36.65200043,-29.45190048,84.6588974
-36.58496857,-31.67235565,83.26461029
-36.63140106,-27.71809959,80.36049652
-36.62820053,-27.69179916,80.82039642
-36.62689972,-28.70079994,68.56829834
-36.62580109,-33.95280075,86.28309631
-35.67341614,-47.80847549,69.25196075
-36.61399841,-30.93810081,67.91629791
-36.6114006,-45.13439941,74.68479919
-36.24106216,-51.5953331,78.7888031
-36.58731079,-44.75522232,84.36413574
-36.57709885,-52.70449829,71.98829651
-36.50823975,-33.03387451,86.69804382
-36.56332016,-43.8456955,73.16831207
-36.40245819,-52.77655029,71.77809143
-36.51380157,-24.92810059,84.83300018
-36.48590088,-29.75799942,83.17410278
-36.06689835,-50.35450363,75.76331329
-36.45389938,-46.87039948,72.99629974
-35.99826813,-42.63266373,69.95796967
-36.37929916,-43.01789856,74.6135025
-36.37720108,-40.56140137,70.40740204
-36.37450027,-43.21730042,85.8207016
-36.37310028,-27.0060997,75.28230286
-36.36040115,-31.08600044,84.77310181
-36.20429611,-51.94716263,70.22107697
-36.34590149,-27.76449966,90.55719757
-36.25897217,-31.50562286,85.00601196
-36.32509995,-43.40390015,72.45490265
-36.2710495,-32.07109451,85.50827026
-36.31389999,-29.08819962,87.26080322
-36.27560043,-50.34260178,79.99880219
-36.25350189,-39.87459946,70.43379974
-36.23830032,-44.8716011,69.59059906
-36.21870422,-40.86607361,70.95910645
-36.23540115,-37.29230118,70.60449982
-36.2181015,-40.82320023,86.23449707
-36.19630051,-48.27719879,75.34680176
-35.16168213,-45.5824852,69.46670532
-35.95916367,-31.85834312,87.90329742
-35.84415817,-49.13368607,69.4050827
-35.67663956,-47.6087532,73.31542969
-36.04430008,-26.64229965,90.03949738
-36.03412247,-30.95156097,86.22268677
-36.02899933,-31.82970047,88.34259796
-35.99340057,-47.66389847,81.89510345
-36.01610947,-46.70889282,82.79720306
-35.9654007,-29.46859932,84.75540161
-35.72840118,-45.29933167,84.44108582
-35.89770126,-43.9294014,85.81970215
-35.87450027,-51.39609909,72.63130188
-35.87229919,-33.49449921,68.13929749
-35.86780167,-36.70019913,87.97989655
-35.27365875,-50.28615189,73.59576416
-35.41222382,-51.73965073,76.68338013
-35.73702621,-32.90510178,87.65106201
-35.77069855,-40.74259949,69.94259644
-35.73109818,-33.41059875,87.72579956
-34.99287796,-48.99085617,69.63515472
-35.67020035,-43.70610046,71.66899872
-35.65819931,-38.46459961,70.71990204
-35.55690384,-44.70766068,85.9594574
-35.63830185,-51.51369858,75.38400269
-35.61114502,-51.09222031,72.13460541
-35.62110138,-39.86560059,86.82920074
-35.58480072,-44.53179932,73.68250275
-35.57659912,-29.37870026,89.47200012
-34.20365524,-48.16016006,80.63443756
-35.09975433,-45.56002045,75.18421936
-35.51589966,-30.36070061,85.77149963
-35.49420166,-41.28829956,71.18920135
-35.4856987,-40.06470108,71.58930206
-35.01864243,-50.140522,70.06031036
-35.3832016,-25.70210075,82.67019653
-35.35979843,-43.64599991,74.84660339
-35.27899933,-48.01929855,73.93520355
-35.24959946,-42.1167984,72.38580322
-35.20949936,-51.62850189,75.65100098
-35.12039566,-42.31872559,73.06298065
-35.15729904,-36.61389923,69.0306015
-35.14210129,-42.28929901,86.98040009
-34.99868011,-51.68416214,71.97875214
-35.0284996,-39.44749832,69.3690033
-34.9992981,-33.4557991,88.21549988
-33.80706787,-43.63191605,73.97065735
-34.87561035,-50.95393753,70.56171417
-34.80331039,-51.21484756,71.16748047
-34.86981964,-45.50360107,84.11494446
-34.76806259,-40.10146713,72.26456451
-34.9034996,-46.12799835,83.12400055
-34.89049911,-41.66830063,71.41369629
-34.86339951,-42.86000061,69.36039734
-34.1166153,-45.07522583,85.71691895
-34.23513031,-46.19012833,75.63375854
-34.51464844,-48.79483414,80.19257355
-34.76530075,-27.1595993,74.25789642
-34.70330048,-41.97119904,71.74939728
-34.65790176,-40.82830048,69.53070068
-34.56806183,-45.31085205,73.68080902
-34.59420013,-46.52700043,82.18789673
-33.51344299,-48.27363205,73.13315582
-34.57130051,-41.3553009,87.86260223
-34.54990005,-48.47389984,74.31109619
-34.53499985,-40.0780983,72.05120087
-34.50749969,-50.00189972,72.98880005
-34.18342209,-50.64109802,77.358078
-34.45750046,-37.87360001,69.31600189
-34.44260025,-49.96609879,75.26699829
-34.42259979,-37.81669998,88.27529907
-34.417099,-30.22060013,67.16259766
-34.4015007,-28.93700027,68.15840149
-33.57432556,-47.11850357,81.10930634
-33.64419937,-48.64722443,72.91199493
-34.36840057,-29.98450089,88.78620148
-34.33769989,-47.53540039,75.84580231
-34.31430054,-40.30289841,74.30549622
-34.24520111,-44.14580154,87.18460083
-34.23310089,-25.04630089,86.44789886
-34.15232849,-44.94177628,86.51744843
-33.75015259,-45.30742645,74.12599182
-34.15909958,-34.33110046,89.22499847
-34.15499878,-32.5359993,66.9178009
-34.16685486,-45.332901,84.05504608
-34.14620972,-45.39117432,82.98575592
-34.11309814,-50.24010086,75.29570007
-34.09989929,-45.64580154,69.64199829
-34.08940125,-48.72520065,74.44499969
-34.08050156,-43.25600052,87.42620087
-33.46339798,-49.64974213,73.09682465
-33.99729919,-50.60105896,75.66114044
-34.00659943,-26.70479965,81.31340027
-33.9681015,-42.80139923,73.89810181
-33.94189835,-49.51490021,78.92890167
-33.92509842,-28.00370026,70.41999817
-33.85309982,-28.08550072,89.51429749
-33.19530869,-49.79343414,73.12945557
-33.81890106,-46.14279938,74.50180054
-33.59863281,-30.2681694,88.57719421
-33.78739929,-26.77109909,80.91989899
-33.62176895,-45.10991287,85.16743469
-33.38633347,-44.83722305,83.52722168
-33.37874985,-44.67869568,84.04094696
-33.74250031,-26.7696991,80.19619751
-33.66070175,-41.22639847,69.11620331
-32.3105278,-49.09620285,72.2521286
-33.57089996,-36.27819824,67.64769745
-33.5021019,-43.24089813,69.36049652
-33.49599838,-45.99470139,70.02870178
-33.42150116,-48.49670029,73.89019775
-33.41730118,-46.03559875,81.9131012
-33.09885406,-45.87646103,82.57923126
-32.76055145,-48.80577469,75.52719116
-33.38610077,-42.03129959,88.39330292
-33.32730103,-39.0177002,89.15869904
-33.27519989,-38.68939972,68.27570343
-33.27360153,-30.54129982,88.64219666
-33.15739441,-44.73203278,84.56073761
-33.24850082,-39.32690048,73.97399902
-33.09320068,-40.87820053,74.98529816
-32.95079422,-46.98175812,74.83713531
-33.07979965,-26.74060059,88.76820374
-33.06679916,-27.45369911,73.8062973
-33.04909897,-49.14749908,78.4151001
-33.04909897,-39.36090088,73.63079834
-33.04443359,-45.20220184,83.31123352
-33.02690125,-46.60739899,70.13600159
-32.99129868,-37.29299927,67.83589935
-32.73411179,-45.35297775,85.03347778
-32.92079926,-25.63059998,84.65350342
-32.90999985,-46.18270111,76.22319794
-32.13504028,-28.1904583,88.50800323
-32.82899857,-30.76530075,88.88899994
-32.81840134,-26.6595993,78.66889954
-32.80550003,-35.41270065,89.51660156
-32.80479813,-45.36399841,85.70970154
-32.76150131,-45.18519974,86.35369873
-33.03559875,-45.60044098,83.00739288
-32.64988708,-44.62651062,86.69409943
-32.67739868,-47.48350143,70.53759766
-32.55134201,-45.36106873,83.35922241
-32.47240067,-43.68000031,87.26119995
-32.38165283,-43.16858673,83.39021301
-32.40771866,-49.30879593,75.88580322
-32.33729935,-44.28919983,74.65480042
-32.29499817,-41.69850159,69.28610229
-32.28359985,-43.19960022,87.71230316
-32.28310013,-48.47980118,71.42569733
-32.2743988,-47.09889984,74.33550262
-32.27009964,-46.27230072,81.4681015
-32.1996994,-43.6711998,68.78160095
-32.19689941,-32.46569824,66.6608963
-32.125103,-43.12548828,84.26602936
-32.17229843,-46.89590073,73.2940979
-32.1473999,-30.76099968,67.75659943
-32.1332016,-35.18479919,65.91889954
-32.08938599,-39.86204147,89.45461273
-31.97971725,-46.00388718,83.48680878
-32.11109924,-47.25630188,80.48049927
-32.08580017,-29.78050041,68.55899811
-32.04919815,-39.49990082,67.97260284
-31.82621765,-43.49148178,83.09216309
-32.04249954,-41.68429947,75.54270172
-31.89874458,-45.44564438,83.74373627
-32.01990128,-26.97389984,87.89689636
-31.73825836,-39.90306854,74.76271057
-31.9503994,-28.59609985,69.9865036
-31.94869995,-26.52669907,77.8742981
-31.92300034,-47.02209854,73.17939758
-31.40903473,-48.10091019,78.91322327
-31.77947807,-26.80701256,82.93422699
-31.87210083,-41.78079987,88.51039886
-31.35781097,-46.17405701,82.95041656
-31.84930038,-31.55290031,89.51290131
-31.9204216,-45.61900711,85.04888153
-31.84449959,-45.15769958,74.7154007
-31.6697216,-39.74187469,74.37182617
-31.43016434,-28.39799309,88.41991425
-31.74090004,-36.53699875,90.34700012
-31.72680092,-32.13299942,66.2960968
-31.68989944,-33.4054985,63.10219955
-31.67654037,-47.06817627,75.6986618
-31.65275955,-30.04214096,67.62441254
-31.42292213,-43.47499084,84.60648346
-31.60420036,-30.80870056,64.27700043
-31.60350037,-45.45669937,85.46800232
-31.58410072,-34.45360184,65.06729889
-31.5734005,-45.63380051,74.69080353
-31.55680084,-44.06639862,69.17009735
-31.55430031,-28.19980049,69.82379913
-31.2483902,-48.17412186,73.83363342
-31.49230003,-27.24909973,86.70140076
-31.45709991,-36.89690018,65.83789825
-31.39319992,-27.69029999,73.63739777
-31.38260078,-28.43650055,65.90039825
-31.35759926,-26.20700073,82.77880096
-31.26488304,-45.35692978,84.68677521
-31.26860046,-36.74020004,62.34349823
-31.0520649,-43.85100937,83.58568573
-31.24379921,-27.58589935,66.62879944
-31.21980095,-44.9068985,86.1190033
-30.93957138,-45.56503677,84.61980438
-31.11359978,-27.27499962,86.75769806
-31.10309982,-38.91439819,65.88860321
-31.09589958,-42.70029831,75.91200256
-31.07130051,-45.92839813,74.32440186
-31.05439949,-26.18390083,77.26039886
-30.83534622,-43.7682724,86.59341431
-31.01825142,-43.01650238,87.57905579
-31.02499962,-48.31790161,77.21199799
-31.01420021,-44.6692009,69.33190155
-30.99329948,-46.27370071,81.60890198
-30.97069931,-48.28120041,73.69120026
-30.94239998,-40.43379974,62.52970123
-30.92309952,-40.60359955,75.25389862
-30.86260033,-26.72139931,73.20829773
-30.82710075,-26.06080055,68.34609985
-30.80820084,-45.67139816,70.58350372
-30.79210091,-47.84249878,75.38189697
-30.76980019,-40.56539917,67.81759644
-30.75839996,-36.22499847,64.6160965
-30.6704998,-47.95280075,73.01999664
-30.57618332,-43.77111435,84.34396362
-30.64039993,-45.67760086,73.6344986
-30.61120033,-40.41030121,74.96179962
-30.57390022,-32.72100067,89.99909973
-30.54140091,-47.65459824,72.3443985
-30.5230999,-32.71170044,61.71009827
-30.52289963,-37.53929901,90.29239655
-30.51079941,-28.25790024,88.38089752
-30.50139999,-41.70959854,68.14070129
-30.49629974,-48.07210159,75.76830292
-30.43899918,-46.89820099,71.38600159
-30.43429947,-29.99449921,62.84339905
-30.40719986,-47.02420044,80.62339783
-30.39500046,-48.17779922,76.3144989
-30.37890053,-41.14300156,88.46829987
-30.3390007,-35.86700058,60.74549866
-30.33810043,-40.91400146,66.16639709
-30.33729935,-38.81489944,64.34549713
-30.30369949,-43.96160126,76.16629791
-29.89953613,-38.21273804,90.36082458
-30.27750015,-26.93219948,64.63459778
-30.22264481,-45.97320938,73.55231476
-30.28331947,-45.51141739,84.6042099
-30.1692009,-23.91869926,71.63379669
-30.12770081,-39.88069916,89.29810333
-30.0129776,-41.48830414,75.5457077
-30.07970047,-25.20369911,76.54370117
-30.05940056,-25.39010048,81.82749939
-30.02350044,-42.53960037,68.5161972
-29.96839905,-42.83679962,63.11529922
-29.68246269,-41.50728989,64.78670502
-29.90474892,-41.293293,75.22036743
-29.9076004,-26.45369911,87.10759735
-29.88489914,-47.40790176,76.95359802
-29.81800079,-46.17589951,83.60230255
-29.81550026,-47.34069824,79.45709991
-29.8125,-24.09140015,66.93019867
-29.80360031,-46.23799896,81.98139954
-29.6369915,-39.54549026,89.8111496
-29.65379906,-38.89799881,60.21699905
-29.6473999,-38.33639908,90.63289642
-29.61739922,-29.35810089,61.22930145
-29.54879951,-44.02550125,63.37110138
-29.52700043,-32.02780151,60.11289978
-29.21429443,-45.04349518,74.85110474
-29.45765877,-47.08012772,74.12104034
-29.45019913,-47.30929947,74.83969879
-29.44140053,-26.0970993,62.9864006
-29.44079971,-28.75289917,89.0286026
-29.43910027,-44.24520111,70.56790161
-29.42539978,-44.57780075,85.63990021
-29.42510033,-42.49950027,66.88629913
-29.34219933,-33.84000015,90.67610168
-29.29999924,-34.77830124,59.09740067
-29.26749992,-42.95849991,75.82099915
-29.22599983,-47.5401001,78.09809875
-29.21269989,-22.6072998,75.52059937
-29.15983582,-43.37147141,86.19577026
-29.15530014,-38.10020065,91.53179932
-29.14640045,-42.92110062,75.44159698
-29.12649918,-45.01190186,74.56060028
-28.99425316,-47.59857941,75.02218628
-29.10720062,-42.84209824,65.06289673
-29.08160019,-42.85309982,68.8361969
-29.01239967,-42.17039871,87.42630005
-29.00620079,-21.46199989,69.98889923
-28.9939003,-38.2969017,91.3431015
-28.93619919,-45.53820038,71.23889923
-28.88809967,-46.08330154,74.65039825
-28.84280014,-24.5951004,80.34770203
-28.82500076,-22.74830055,65.21309662
-28.83481598,-47.48359299,73.85445404
-28.81019974,-38.41659927,92.8227005
-28.58159828,-38.10220337,91.14086914
-28.77039909,-46.44660187,81.12650299
-28.75250053,-47.14490128,73.19889832
-28.70599937,-46.27519989,72.24720001
-28.70009995,-45.33380127,84.0911026
-28.69729996,-38.94879913,94.82610321
-28.66589928,-28.83209991,59.16249847
-28.66270065,-40.45019913,88.56790161
-28.63290024,-46.25659943,82.8911972
-28.62409973,-42.95550156,67.13150024
-28.60659981,-25.5442009,61.13949966
-28.58320045,-39.17229843,94.71659851
-28.54599953,-38.63819885,92.78150177
-28.53230095,-31.53750038,57.69689941
-27.82018089,-43.63964844,84.92436981
-28.20323181,-39.55701828,89.2816925
-28.40990067,-44.16680145,63.71979904
-28.39500046,-24.71750069,84.8640976
-28.39259911,-37.53530121,58.49100113
-28.38030052,-34.82360077,90.95310211
-28.38448524,-39.43251038,97.12880707
-28.3302002,-41.1495018,60.09339905
-28.16731834,-38.49987793,92.83480072
-28.29649925,-46.8771019,75.92209625
-28.16203308,-39.08483887,94.57891846
-28.27510071,-23.62000084,79.33999634
-28.21279907,-47.20970154,74.16439819
-28.18129921,-20.53750038,54.67290115
-28.16580009,-33.98789978,56.84629822
-28.16239929,-24.06599998,52.68519974
-28.15309906,-20.18619919,53.35749817
-28.00466728,-39.3676033,96.94359589
-28.11829948,-24.34259987,54.30550003
-28.10269928,-22.11100006,63.4469986
-28.06837273,-21.02475357,56.86449051
-27.86741829,-42.86048508,85.75235748
-28.09029961,-25.17490005,59.16820145
-27.95183563,-38.55400467,97.12251282
-28.00269127,-35.45040894,91.09140778
-27.99720001,-23.63150024,50.80659866
-27.9708004,-24.65270042,55.71310043
-27.96030045,-43.05770111,69.07779694
-27.95980072,-19.36529922,73.40319824
-27.93720055,-28.30859947,56.96659851
-27.93995857,-41.83123779,87.12971497
-27.92620087,-27.34289932,88.05639648
-27.92289925,-29.95610046,89.72170258
-27.89620018,-19.73460007,51.10620117
-27.88750076,-43.10599899,65.45610046
-27.88050079,-24.92480087,57.34680176
-27.85779953,-21.39500046,58.69169998
-27.81270027,-21.79910088,61.50419998
-27.56180573,-35.76936722,91.71073151
-27.76679993,-42.37829971,60.00329971
-27.75110054,-21.61450005,59.96099854
-27.74180031,-43.31370163,67.30860138
-27.72940063,-45.39839935,83.80599976
-27.7234993,-30.92569923,55.14490128
-27.56044769,-39.65790176,98.33371735
-27.58639908,-39.61952591,96.81546021
-27.67880058,-27.03989983,51.20090103
-27.67490005,-27.53289986,52.58509827
-27.47122002,-39.43772507,94.51195526
-27.62770081,-27.90690041,54.7492981
-27.24488449,-40.52723694,88.05091095
-27.58950043,-19.42359924,68.0684967
-27.54461479,-17.26366997,60.51316452
-27.55270004,-26.56130028,49.8117981
-27.54759979,-16.75149918,58.10889816
-27.3926754,-38.82955933,90.1993866
-27.49220085,-37.58060074,94.96690369
-27.4762001,-16.34390068,56.42309952
-27.47260094,-36.77149963,93.23200226
-27.45038414,-39.56325912,97.76763916
-27.4375,-39.13539886,98.09600067
-27.40889931,-21.12179947,78.49710083
-27.39439964,-39.51449966,89.34279633
-27.38459969,-17.5265007,61.69110107
-27.3845005,-26.39259911,48.65579987
-27.3015995,-33.28219986,54.10889816
-27.27540016,-36.44580078,56.30970001
-27.05561256,-38.671772,92.16059875
-27.22590065,-30.5727005,52.55149841
-27.22400093,-23.24629974,47.76729965
-27.19079971,-17.71240044,62.80049896
-27.09959984,-15.63440037,53.85919952
-27.0855999,-46.99209976,76.49949646
-27.08069992,-18.40410042,66.08439636
-27.07250023,-30.01210022,50.23939896
-27.07220078,-46.29710007,74.70349884
-26.98783112,-39.95449066,96.78556824
-26.87574005,-39.85873032,97.37854004
-27.04610062,-44.06819916,70.14189911
-27.04059982,-45.67089844,81.82630157
-27.03630066,-17.94020081,64.17870331
-27.01913261,-40.13495255,97.9779129
-26.97610092,-39.69829941,58.12749863
-26.91279984,-38.15240097,97.26589966
-26.91275406,-39.54413986,95.89582062
-26.88249969,-39.73210144,89.17060089
-26.81640053,-39.12170029,98.19580078
-26.75396538,-39.98816681,98.30282593
-26.7989006,-29.2241993,48.86660004
-26.77230072,-23.87360001,83.22640228
-26.71310043,-18.79579926,48.16289902
-26.6692009,-38.43109894,89.87609863
-26.65439987,-32.83539963,51.24860001
-26.58880043,-46.520401,79.79450226
-26.57180023,-31.37010002,90.35970306
-26.54389954,-36.70640182,95.10500336
-26.50009918,-42.38579941,60.48400116
-26.4246006,-45.03390121,71.25930023
-26.42070007,-35.22570038,53.73469925
-26.38570023,-28.84530067,89.08450317
-26.32349968,-28.13010025,47.57020187
-26.30459976,-13.01229954,54.2969017
-26.30330086,-15.58250046,49.70479965
-26.29949951,-34.97629929,93.01899719
-26.29310036,-41.20000076,87.10150146
-26.27729988,-12.82619953,56.29980087
-26.20365524,-12.71124649,58.66028976
-26.23089981,-38.28639984,91.93910217
-26.21389961,-40.71910095,57.97890091
-26.12940025,-38.49150085,97.40589905
-26.11370087,-34.38280106,92.02950287
-26.08609962,-40.58250046,97.10579681
-26.0814991,-32.07740021,48.9469986
-26.02206421,-13.180336,62.70562744
-26.05660057,-25.97340012,86.82150269
-26.05459976,-42.32310104,86.042099
-26.03739929,-45.65269852,73.1006012
-25.94058228,-33.60165024,91.12001801
-26.02260017,-22.69519997,81.96040344
-25.98859978,-46.63990021,75.35870361
-25.97850037,-44.8586998,64.3062973
-25.93099976,-40.19670105,94.59179688
-25.92329979,-25.48579979,45.96310043
-25.91539955,-43.89279938,68.0562973
-25.9022007,-33.16429901,90.85990143
-25.87179947,-39.48389816,94.43859863
-25.87059975,-13.34140015,64.25530243
-25.86199951,-32.49869919,90.53780365
-25.83539963,-22.12940025,45.31990051
-25.83460045,-18.28339958,77.1713028
-25.82600021,-13.56000042,65.39769745
-25.82439995,-44.65790176,83.19999695
-25.77129936,-40.65330124,94.77279663
-25.75749969,-38.23279953,56.04529953
-25.73880005,-13.90260029,66.70890045
-25.91928864,-43.29772949,84.99225616
-25.69249916,-34.33039856,51.00030136
-25.66360092,-14.48810005,68.53209686
-25.6298008,-15.60289955,71.33370209
-25.62260056,-12.98490047,50.22729874
-25.6067009,-39.56779861,97.25330353
-25.38360023,-39.73139954,89.88710022
-25.20416641,-41.02737427,94.67656708
-25.32589912,-17.66309929,45.68149948
-25.31979942,-39.17990112,89.69460297
-25.3022995,-36.44169998,95.02349854
-25.2670002,-10.71560001,54.36809921
-25.25849915,-46.82590103,78.60369873
-25.21730042,-30.96769905,47.59799957
-25.17889977,-43.31409836,66.08180237
-25.14979935,-40.09189987,89.93340302
-25.10379982,-9.8705101,57.55360031
-25.08510017,-40.97570038,58.53099823
-25.07649994,-44.73040009,71.207901
-24.97900009,-41.56150055,95.00499725
-24.84305382,-40.30805206,88.46109009
-24.90670013,-39.91839981,92.25150299
-24.90270042,-36.89279938,53.88410187
-24.88769913,-15.03180027,46.02159882
-24.88310051,-33.34120178,48.72389984
-24.85540009,-39.20330048,91.90319824
-24.82449913,-20.66609955,80.52259827
-24.82080078,-46.20429993,73.67279816
-24.76869965,-39.21149826,55.97880173
-24.74500084,-34.34400177,92.63529968
-24.72890091,-40.30599976,92.25389862
-24.52936363,-9.29955673,60.38847351
-24.46577263,-40.69715881,87.75404358
-24.64830017,-10.70240021,50.36790085
-24.62879944,-30.39380074,89.60449982
-24.57859993,-45.34489822,80.5727005
-24.56850052,-41.55339813,95.09179688
-24.53339958,-33.80339813,91.37039948
-24.45170021,-24.06990051,44.27170181
-24.43040085,-26.64310074,45.37670135
-24.42429924,-12.6086998,46.38190079
-24.40309906,-27.6026001,87.87619781
-24.35110092,-29.75359917,46.39220047
-24.24780083,-33.54980087,89.94280243
-24.22459984,-33.87900162,90.0734024
-24.15530014,-43.99679947,68.75969696
-24.1378994,-45.23270035,71.64990234
-24.1140995,-35.80780029,51.42039871
-24.11079979,-10.09189987,68.46520233
-24.09810066,-16.60460091,43.61909866
-24.05260086,-42.83639908,61.49620056
-24.04800034,-24.66399956,85.89769745
-23.88817596,-40.87340164,92.37149048
-23.78019333,-40.67981339,89.81912231
-23.97369957,-8.80667019,63.06800079
-23.9545002,-20.04529953,42.64920044
-23.91309929,-37.21730042,94.95089722
-23.90550041,-47.15200043,77.42350006
-23.72433472,-9.0106039,65.80010223
-23.88940048,-14.74919987,75.42780304
-23.85149956,-32.13040161,47.35179901
-23.83139992,-8.80860996,64.49410248
-23.82900047,-10.54450035,70.07550049
-23.82040024,-41.05410004,88.63179779
-22.75202942,-6.98180199,53.91158295
-23.68020058,-7.71208,57.40579987
-23.61750031,-14.09889984,43.85229874
-23.61639977,-38.11040115,54.0644989
-23.57920074,-39.70429993,56.5102005
-23.55240059,-41.5163002,92.36509705
-23.53269958,-32.34270096,90.06430054
-23.44619942,-8.51858997,50.12860107
-23.42469978,-9.96780014,46.44520187
-23.40399933,-41.22269821,89.60289764
-23.39660072,-39.05059814,94.76110077
-23.12680054,-41.22208786,87.73654175
-23.37000084,-42.54290009,85.93080139
-23.29879951,-34.78490067,49.18439865
-23.26910019,-30.90469933,46.00260162
-23.17580032,-24.85370064,43.92670059
-23.14769936,-18.1595993,79.30259705
-23.12919998,-41.52270126,92.29060364
-23.11840057,-12.55280018,43.81470108
-23.04669952,-10.8057003,72.16010284
-23.03610039,-43.5632019,84.25039673
-23.02969933,-47.20619965,76.27380371
-23.02840042,-22.98080063,84.1548996
-23.02569962,-44.52970123,82.31189728
-22.90410042,-43.0931015,67.13860321
-22.58226395,-6.0849905,60.33279037
-22.77280045,-41.33150101,59.69029999
-22.76160049,-46.45029831,79.80290222
-22.71850014,-27.83370018,45.08269882
-22.71689987,-44.43889999,69.62740326
-22.54789925,-29.25979996,88.48280334
-22.53730011,-44.27199936,65.09179688
-22.53240013,-26.15609932,86.93460083
-22.5223999,-22.09749985,1.76460004
-22.4965992,-21.88640022,42.207901
-22.48950005,-41.64099884,89.60790253
-22.48670006,-23.11630058,1.93878996
-22.48060036,-37.10020065,51.94020081
-22.45919991,-33.53779984,47.66289902
-22.26409912,-25.13949966,43.77130127
-22.21030045,-36.01399994,92.02610016
-22.19869995,-9.43537998,43.75690079
-22.1916008,-21.71520042,2.92982006
-22.17589951,-6.74565983,69.563797
-22.11961937,-35.62246704,87.53446198
-22.15239906,-22.06110001,0.29049799
-22.10636139,-22.70288467,3.29566288
-22.13750076,-18.71260071,1.57377005
-22.13190079,-23.08480072,0.28222501
-22.12630081,-18.66110039,2.82850003
-22.07279968,-40.97000122,87.57369995
-22.0564003,-29.26490021,44.7071991
-22.04310036,-38.82450104,54.49440002
-21.95529938,-19.61949921,1.46411002
-21.95359993,-7.41879988,46.54100037
-21.94519997,-23.91080093,2.03393006
-21.93880081,-19.53890038,2.62400007
-21.93199921,-5.48748016,56.25830078
-21.82374763,-41.17343521,87.14135742
-21.88739967,-35.69580078,89.77269745
-21.8654995,-32.50080109,46.10189819
-21.86470032,-6.10375023,50.17919922
-21.85250092,-17.73310089,2.87334991
-21.84970093,-7.0754199,70.84600067
-21.84740067,-17.79260063,1.73965001
-21.83209991,-46.80540085,74.25569916
-21.65299416,-23.48851395,3.30969501
-21.65069962,-23.88330078,0.46740699
-21.64340019,-14.03219986,40.57049942
-21.54339981,-40.31779861,57.53300095
-21.53170013,-16.90609932,39.48080063
-21.53109932,-45.72190094,81.30819702
-21.52359962,-18.5461998,0.31279799
-21.48579979,-21.27779961,82.04419708
-21.43589973,-43.59600067,68.47190094
-21.43129921,-43.19100189,85.74449921
-21.42810059,-5.36857986,68.19360352
-21.42630005,-36.17039871,49.94319916
-21.42589951,-38.69189835,91.83329773
-21.40780067,-11.6111002,41.01330185
-21.40390015,-35.45809937,87.36830139
-21.40099907,-47.6216011,79.02359772
-21.36269951,-19.37389946,0.29618099
-21.36149979,-10.77250004,74.52880096
-21.3560009,-38.24530029,87.18299866
-21.32110023,-20.56170082,1.32231998
-21.30069923,-17.73110008,0.55035502
-20.44926262,-8.57728863,39.52568054
-21.22099686,-20.30891418,2.331321
-21.27589989,-4.95586014,53.52299881
-21.26790047,-21.59630013,-0.51624101
-21.23929787,-20.02118492,2.29308295
-21.23950005,-42.39509964,62.89400101
-21.2390995,-22.57970047,-0.63566601
-21.23360062,-20.12310028,1.27350998
-21.22820091,-38.24060059,86.7440033
-21.21960068,-15.20180035,78.13490295
-21.20429993,-18.19370079,4.11039019
-20.48645401,-3.30693722,59.75668335
-21.10930061,-38.72340012,89.29299927
-19.82257271,-19.57979774,5.02281094
-21.06060028,-3.98937988,65.06929779
-21.05850029,-17.3348999,4.08375978
-21.01350021,-18.97299957,3.82988
-20.96339989,-22.60840034,41.9231987
-20.75824165,-20.0749588,0.34953216
-20.93770027,-4.06456995,63.41109848
-20.93230057,-44.83860016,83.59600067
-20.9090004,-23.39839935,-0.38519001
-20.89049911,-38.54119873,86.146698
-20.84420013,-31.02860069,44.7262001
-20.59552002,-23.88809395,1.72932136
-20.78590012,-24.32309914,84.44280243
-20.78009987,-45.76850128,72.29389954
-20.89361572,-16.66133881,1.98908556
-20.7604599,-18.11760139,-0.38633165
-20.76819992,-25.64660072,43.54850006
-20.7290287,-23.55801582,2.81472826
-20.7052002,-31.9836998,88.40499878
-20.66090012,-18.96019936,-0.32010299
-20.62849998,-38.16230011,52.16429901
-20.59059906,-3.68788004,66.53769684
-20.5785141,-23.66974068,2.82537985
-20.54809952,-10.88309956,39.32960129
-20.54439926,-24.42550087,3.45614004
-20.5121994,-24.93540001,2.15521002
-20.49819946,-27.52050018,87.1969986
-20.49060059,-16.68569946,0.67293501
-20.29987717,-23.81737328,0.64434707
-20.46800041,-35.22050095,48.45940018
-20.4633007,-5.25728989,46.69950104
-20.45030022,-7.09393978,43.30659866
-20.27965164,-19.82104874,-0.07068453
-20.36700058,-7.13164997,72.58529663
-20.3321991,-4.26590014,50.43059921
-20.27529907,-16.25930023,3.79152012
-20.25429916,-18.48600006,39.41690063
-20.24259949,-43.5766983,70.85630035
-20.22290039,-48.04499817,77.72000122
-20.16399956,-40.9496994,61.04710007
-20.13400078,-27.21990013,43.20119858
-20.11249924,-12.17230034,38.77389908
-20.09539986,-34.81389999,86.38639832
-20.05877304,-16.94015694,-0.22123557
-20.08209991,-23.13170052,41.79249954
-20.0428009,-38.56529999,84.52300262
-20.03129959,-8.75767994,37.70209885
-19.99749947,-39.56470108,55.10549927
-19.78355408,-23.49522781,0.14601567
-19.97069931,-25.00119972,0.60235798
-19.96789932,-10.5461998,37.52180099
-19.96179962,-20.78590012,-1.00116003
-19.57312012,-2.49092197,57.43716431
-19.8920002,-4.49189997,70.85310364
-19.87590027,-17.69659996,-0.76760101
-19.86160088,-21.66889954,-1.18575001
-19.86079979,-24.78910065,3.91523004
-19.86070061,-43.50329971,85.3871994
-19.84230042,-6.83187008,41.01750183
-19.78059959,-19.00620079,80.49770355
-19.77289963,-17.1651001,5.36879015
-19.76549911,-23.2772007,4.42314005
-19.73620033,-25.36100006,2.53243995
-19.72900009,-47.30220032,80.42259979
-19.69729996,-18.33819962,-0.699265
-19.69050026,-18.85339928,4.83374977
-19.64929962,-17.83340073,5.11301994
-19.64139938,-20.18359947,5.40462017
-19.63899994,-16.45470047,5.36534023
-19.63430023,-34.4856987,46.87850189
-19.62899971,-22.44610023,-0.927329
-19.59189987,-47.3431015,75.1690979
-19.57220078,-42.74010086,70.18810272
-19.26543236,-19.08625412,-0.35056961
-19.52300072,-43.4239006,66.67350006
-19.50939941,-38.29529953,83.51300049
-19.49790001,-8.91403008,35.55220032
-19.43930054,-14.44019985,37.41230011
-19.37059975,-2.86894989,53.44219971
-19.34320068,-37.45690155,50.02859879
-19.34180069,-6.65848017,39.04909897
-19.3192997,-24.58189964,-0.224324
-19.27899933,-22.69169998,82.54550171
-19.23530006,-15.52709961,5.21844006
-19.22859955,-45.96620178,82.52880096
-19.22529984,-23.57740021,4.8736701
-19.22089958,-20.95339966,5.48799992
-19.30508804,-15.40720177,1.87021649
-19.20030022,-23.65480042,41.73889923
-19.19260025,-25.47190094,0.86318702
-19.18939972,-40.05149841,58.76190186
-19.16799927,-28.87380028,43.24010086
-19.12059975,-6.83470011,37.56280136
-18.854599,-22.53153229,-0.35153985
-19.08259964,-15.55200005,0.732041
-18.45927048,-14.70890427,4.88760567
-18.96990013,-24.8192997,4.0891099
-18.94779968,-7.24764013,35.75009918
-18.94589996,-42.90409851,83.36799622
-18.92379951,-31.26650047,86.70420074
-18.81303787,-22.83165359,-0.28985578
-18.89520073,-42.70640182,72.20610046
-18.88509941,-3.32041001,47.19670105
-18.87739944,-21.18040085,5.35446978
-18.86090088,-45.79990005,73.22910309
-18.85740089,-1.29246998,61.9408989
-18.85490036,-37.90230179,82.71360016
-18.73756218,-16.0781498,-0.34787738
-18.79780006,-25.32979965,2.81702995
-18.78930092,-16.3397007,6.72552013
-18.73340034,-1.63063002,65.04180145
-18.71859932,-7.37383986,73.94139862
-18.71500015,-25.79339981,85.12870026
-18.66810036,-17.87470055,6.78353024
-18.65649986,-39.08330154,52.50189972
-18.65369987,-41.36009979,80.09010315
-18.61639977,-42.20619965,81.60790253
-18.59749985,-41.20420074,64.49169922
-18.58329964,-2.48200989,50.63819885
-18.56909943,-34.47850037,84.98370361
-18.55999947,-1.63709998,56.64599991
-18.48481178,-1.14980757,59.35385513
-18.55120087,-25.03750038,-0.063302
-18.52700043,-33.27980042,45.50699997
-18.52099991,-12.07919979,34.04240036
-18.50460052,-16.9314003,-0.91832203
-18.47830009,-23.70260048,4.94843006
-18.47170067,-14.88029957,6.97910976
-18.44750023,-47.8302002,78.76930237
-18.44219971,-2.14444995,69.58820343
-18.42630005,-23.71240044,-0.66010201
-18.42329979,-21.48150063,5.71592999
-18.41970062,-10.07400036,31.0753994
-18.40859985,-4.33787012,42.97869873
-18.38660049,-15.76259995,11.31280041
-18.4023037,-13.88193893,12.45370388
-18.36199951,-17.59180069,-0.85175401
-18.33119965,-13.1093998,36.31750107
-18.32839966,-19.70240021,-1.12706006
-18.32299995,-16.24469948,9.22636986
-18.31389999,-25.47220039,1.25434995
-18.29000092,-11.66530037,76.07050323
-18.28860092,-15.10149956,13.09290028
-17.21921349,-18.13426971,-0.62161213
-18.23040009,-41.81269836,71.5141983
-18.22260094,-39.78219986,78.30390167
-18.22120094,-20.51379967,-1.31850004
-18.20919991,-8.27429962,31.2677002
-18.2031002,-42.13589859,73.13439941
-18.19260025,-14.60210037,9.20489025
-18.18490028,-25.60770035,41.51399994
-18.1826992,-16.7201004,79.32969666
-18.14919853,-24.42351723,3.54569054
-18.12630081,-21.28520012,-1.08221996
-18.06749916,-36.50439835,48.60010147
-18.06329918,-39.52270126,56.08039856
-18.05249977,-12.0607996,30.83440018
-18.04190063,-10.70020008,25.85980034
-18.01819992,-12.59819984,25.69280052
-17.99279976,-47.07830048,76.16470337
-17.98870087,-12.93379974,15.87839985
-17.97870064,-21.72999954,6.09416008
-17.97439957,-45.28129959,74.50640106
-17.9552002,-19.16200066,7.25061989
-17.95050049,-3.4974699,72.19280243
-17.90920067,-43.97309875,76.62770081
-17.90309906,-39.87979889,62.59360123
-17.89069939,-14.39830017,16.11650085
-17.87789917,-19.4531002,39.6446991
-17.90150642,-24.20149803,3.86451769
-17.86109924,-46.5522995,80.78279877
-17.79940033,-9.08038998,26.17160034
-17.78470039,-23.40839958,4.57947016
-17.77630043,-25.11660004,0.415856
-17.76040077,-11.27910042,21.54990005
-17.73570061,-24.1420002,-0.56440902
-17.71759987,-1.68780994,54.01670074
-17.6970005,-26.62030029,41.61790085
-17.68320084,-13.80770016,7.05070019
-17.6760006,-24.53569984,2.85674
-17.6616993,-41.33250046,72.59870148
-17.6243,55.75719833,5.09430981
-17.61660004,-20.49780083,39.95009995
-17.59989929,55.79159927,3.99654007
-17.59320068,-45.54090118,79.06929779
-17.58909988,-4.06725979,40.41999817
-17.57719994,-13.14459991,22.01059914
-17.56850052,-41.3158989,74.68319702
-17.56220055,-24.61300087,4.38411999
-17.35226631,-24.62882233,1.32134318
-17.53840065,-0.89358199,57.70240021
-17.38733292,57.00484467,3.92429852
-17.46649933,56.74940109,5.12015009
-17.45319939,-22.60969925,-0.61802697
-17.44930077,-15.32040024,36.56499863
-17.42749977,-42.04710007,68.20269775
-17.42580032,-20.4265995,81.03109741
-17.42170334,-14.75020599,2.38889241
-17.40530014,-12.12370014,12.65680027
-17.38820076,-38.40409851,50.32339859
-17.38689995,-25.04299927,3.25204992
-17.37849998,-4.91608,35.50709915
-17.35820007,-17.81089973,9.72045994
-17.35020065,-12.6260004,10.77770042
-17.34589958,-2.32742,47.64080048
-17.33370018,-17.08979988,11.87209988
-17.32239914,-0.041598,63.6875
-17.12594604,-14.22023582,4.47200537
-17.29800034,-21.84989929,6.21953011
-17.11785889,-24.60249901,1.49692249
-17.28549957,-13.16950035,9.06665993
-17.06155205,56.46990585,3.0655477
-17.10949516,-15.2491293,0.42382312
-17.22669983,-19.55410004,7.67082024
-17.18546295,56.87039566,3.33376265
-17.20000076,-11.24240017,15.90380001
-17.19939995,-21.84379959,39.96580124
-17.13698578,56.71607971,7.01895332
-17.18110085,-9.20923042,21.5760994
-16.97535324,57.94783783,7.00699949
-17.16810036,-4.23916006,38.24470139
-17.14769936,-4.44604015,36.81880188
-17.13879967,55.32699966,3.6029799
-17.13759995,-24.35350037,-0.05275
-17.12509918,-23.52630043,5.33822012
-17.11039925,-24.17819977,82.99590302
-17.1053009,-39.25640106,60.13560104
-17.08390045,-16.20590019,13.63379955
-17.0632,-39.31439972,53.29550171
-17.01639938,55.2655983,4.79389
-17.00810051,-40.52399826,74.28119659
-16.99110031,-14.06029987,26.06999969
-16.97789955,-21.01390076,-0.46027699
-16.96459961,-24.78520012,4.66309977
-16.8539505,-19.09190369,-0.87922275
-16.94440079,-6.27027988,31.56380081
-17.02937698,-17.21144485,-0.63815725
-16.9204998,-23.01040077,-0.53713202
-16.91489601,58.42404938,5.11944246
-16.9192009,-36.69670105,81.15309906
-16.9178009,-25.15990067,1.96493006
-16.06046295,-19.59763718,-0.71019214
-16.88800049,-35.86320114,47.16419983
-16.85580063,-25.26919937,3.5876801
-16.85390091,-7.60340023,26.23539925
-16.84460068,-31.25160027,44.04339981
-16.8390007,-14.40330029,22.34939957
-16.83040047,-38.56560135,77.48410034
-16.82799911,-15.42339993,16.58049965
-16.8173008,-29.30990028,84.30670166
-16.52057266,-23.82339668,0.8799721
-16.78050041,-21.875,6.18017006
-16.53842735,56.33652115,2.49185371
-16.77510071,-13.94050026,30.61870003
-16.74510002,-0.56815398,67.93589783
-16.70409966,-1.93225002,51.23920059
-16.63960075,-15.91839981,-0.30536899
-16.58359909,56.14730072,6.79143
-16.55690002,-14.42389965,35.35580063
-16.53350067,-14.13449955,33.40620041
-16.5109005,-23.33959961,-0.067728
-16.50460052,-39.75170135,66.00440216
-16.50049973,-24.97400093,1.20878005
-16.48349953,0.039078,58.79380035
-16.20840836,-0.97049099,54.53848267
-16.47719955,55.10829926,3.33305001
-16.4612999,-33.26919937,83.10990143
-16.43000031,-23.57519913,5.56730986
-16.42410088,58.9007988,7.89919996
-16.40950012,-21.55150032,-0.30939299
-16.37529945,57.53430176,2.6166501
-16.34860039,-25.35230064,2.21590996
-16.3470993,-21.82710075,6.58576012
-16.26254463,-24.59434128,4.66410875
-16.30800438,59.78125381,7.87007475
-16.27529907,55.07659912,4.41496992
-16.27339935,56.7356987,7.46978998
-16.21833229,-25.01597023,3.97258449
-16.25119972,-37.26440048,48.97370148
-16.22730064,35.9917984,54.4557991
-16.20219994,33.41339874,54.07740021
-16.18580055,-19.7057991,8.25957966
-15.83849621,56.37682724,2.21688771
-16.17320061,35.00400162,56.85319901
-16.13529968,-2.69937992,42.61180115
-16.12639999,-12.88259983,7.26680994
-16.09799957,-38.77880096,57.62590027
-16.08550072,-0.62001902,71.19809723
-16.08320045,32.33250046,56.55989838
-16.06879997,0.94210398,62.25490189
-15.76242447,-24.18766594,0.56909335
-16.0529995,34.15029907,58.72399902
-16.05200005,58.15319824,8.0750103
-16.05080032,34.45999908,51.42810059
-16.01689911,36.92829895,51.93500137
-16.01420021,-3.49633002,73.2609024
-15.98149967,59.59130096,9.32005024
-15.97599983,-24.63019943,40.1609993
-15.95619965,31.26930046,58.40090179
-16.00295067,59.97693253,5.05199146
-15.91720009,-38.94340134,51.11610031
-15.65862083,-16.87452507,-0.60833454
-15.90499973,55.91619873,6.50492001
-15.82134056,-18.2012291,-0.69691545
-15.89869976,-25.09749985,1.34297001
-15.89080048,-21.98189926,-0.047429
-15.6968565,55.56925201,3.21455383
-15.85840034,57.40430069,2.21894002
-15.85620022,31.8239994,50.43610001
-15.85569954,59.8885994,4.1221199
-15.82940006,38.23139954,57.27659988
-15.82940006,39.29259872,54.92419815
-15.8281002,32.88330078,60.99340057
-15.81840038,56.61230087,7.19083977
-15.51655293,-24.99431419,1.82750165
-15.79440022,-1.42209995,51.78219986
-15.6351614,55.48752213,4.20875216
-15.78890038,-38.69940186,64.18049622
-15.77110004,38.76100159,47.01869965
-15.75290012,-40.5223999,70.06349945
-15.62612629,60.84492111,7.37923479
-15.74020004,1.00079,65.57949829
-15.73387146,57.91698837,8.10894966
-15.72039986,-9.8737402,15.99639988
-15.70016575,-20.04450417,-0.47443932
-15.71020031,-19.82099915,8.41265965
-15.56515121,39.92440033,44.26314545
-15.67039967,57.39239883,22.05509949
-15.66460037,0.113905,56.66230011
-15.65180016,30.25180054,53.22119904
-15.6480999,-18.2154007,10.33740044
-15.63869953,37.94079971,59.22750092
-15.63619995,53.50220108,3.77805996
-15.62250042,-18.10320091,79.93569946
-15.61989975,-8.36769962,75.23619843
-15.60563469,56.08446884,5.70698309
-15.60910034,-7.95010996,21.32699966
-15.60429955,33.88430023,46.54949951
-15.60060024,53.57289886,2.53471994
-15.59560013,-12.01749992,9.02083969
-15.59993267,-14.83705711,2.64478326
-15.34780598,56.12090302,2.67509556
-15.58269978,0.35217199,66.7602005
-15.57839966,59.66030121,3.41009998
-15.56729984,-17.22340012,12.42539978
-15.56019974,60.10219955,11.20440006
-15.55160046,29.11380005,55.85860062
-15.5333004,60.97050095,11.36830044
-15.49654102,-15.43763542,0.53513587
-15.52140045,-14.31330013,4.14483023
-15.51640034,-22.54229927,0.324999
-15.51140022,-34.63100052,45.86429977
-15.51039982,-10.58500004,12.75749969
-15.49629974,55.77719879,23.54759979
-15.48799992,59.08679962,9.17959976
-15.47799969,-24.37739944,0.72135901
-15.47679996,55.87350082,5.47860003
-15.46329975,-11.20769978,10.83460045
-15.45730019,38.38529968,42.94660187
-15.44779968,30.02869987,60.67350006
-15.43389988,41.1242981,52.12099838
-15.43029976,-21.60779953,6.7775898
-15.42529964,28.70899963,57.97740173
-15.40260029,-6.30373001,26.2343998
-15.39579964,45.41059875,52.22439957
-15.38850021,54.31629944,2.14164996
-15.15314579,61.64777756,11.06175613
-15.36440182,40.27640915,57.88510513
-15.35910034,-16.38920021,14.3281002
-15.34459972,1.62395,60.61149979
-15.33580017,45.76340103,54.76480103
-15.30830002,37.98049927,61.57860184
-15.29730034,43.04729843,52.19269943
-15.29629993,40.89830017,55.20809937
-15.27900028,43.12239838,55.07860184
-15.25710011,31.85059929,62.87900162
-15.25590038,42.35620117,47.61460114
-15.25590038,54.20880127,24.92919922
-15.23709965,54.55899811,6.38079977
-14.82316113,-23.89002419,3.06328273
-15.22850037,42.19680023,38.91149902
-15.21689987,-12.81890011,76.85800171
-15.21539974,-39.87020111,70.83860016
-15.20979977,-13.67010021,5.66725016
-15.20979977,-2.4544301,39.60860062
-15.20909977,-22.0795002,81.47619629
-15.20839977,-38.69060135,55.11610031
-15.14241123,-20.88017082,-0.20605867
-15.20059967,-0.038032,54.20610046
-15.18589973,57.24169922,2.12213993
-15.1673708,42.38551331,58.04872131
-15.17980003,56.68009949,6.5761199
-15.1552,-15.92650032,-0.017673
-15.15390015,59.52870178,10.88259983
-14.40770626,-22.41021729,4.62576294
-15.11489964,-4.43234015,31.63669968
-15.09860039,-29.1298008,42.5780983
-15.09220028,60.18040085,14.52820015
-15.08829975,51.73529816,26.94409943
-15.08689976,28.47509956,60.20119858
-14.98478127,45.26423645,58.84971619
-15.0472002,-15.40639973,17.28089905
-15.04389954,-38.03390121,62.06959915
-15.03470039,55.23830032,1.79026997
-15.02770042,-2.0390501,48.72660065
-15.02519989,-27.24259949,82.62719727
-15.02369976,60.38700104,18.59620094
-15.01760006,28.90600014,62.47520065
-15.01299953,48.23550034,52.1271019
-15.00360012,-2.82055998,34.51919937
-14.98760033,44.87680054,33.60020065
-14.99912643,-24.08711433,1.03138876
-14.92205334,57.4432869,7.19252539
-14.97179985,40.60029984,61.60789871
-14.96930027,55.12519836,7.11256981
-14.96790028,61.28770065,14.80889988
-14.9666996,48.81750107,54.36000061
-14.95839977,-36.51860046,47.77619934
-14.95090008,2.05223989,64.14369965
-14.94859982,59.20289993,22.49959946
-14.94349957,40.39310074,38.68640137
-14.94279957,48.49029922,29.65660095
-14.92199993,2.42325997,58.50699997
-14.90279961,42.5306015,43.60540009
-14.89640045,38.61040115,63.5788002
-14.8447237,57.43317413,24.47959709
-14.48053074,-23.62579918,2.3331461
-14.76243114,57.26703644,2.40097046
-14.86600018,58.69979858,8.90503979
-14.85249996,58.88029861,17.84199905
-14.83059978,45.76390076,47.67610168
-14.82890034,59.2765007,2.80561996
-14.82219982,-37.98960114,49.81639862
-14.62324619,-16.86195374,-0.32494116
-14.8093996,52.91450119,3.90655994
-14.78369999,-2.44808006,43.30810165
-14.77740002,-0.13619199,52.37480164
-14.75469971,-14.28339958,22.82369995
-14.75469971,1.48108006,66.90010071
-14.75125313,9.49208641,59.61099625
-14.66767597,-22.54557419,0.55809915
-14.73499966,32.08810043,46.02939987
-14.73429966,53.01150131,2.46912003
-14.70839977,59.62770081,14.30239964
-14.70479965,30.23320007,64.67389679
-14.68430042,44.02769852,38.66519928
-14.67749977,61.07020187,18.91220093
-14.66523647,48.32501602,57.88689804
-14.64480019,44.3810997,61.96730042
-14.64159966,-2.2944901,35.80170059
-14.63580036,-2.35934997,37.0768013
-14.62199974,-13.39159966,26.86440086
-14.61530018,29.66309929,49.72069931
-14.60849953,3.0097301,62.40219879
-14.59319973,7.50769997,58.41469955
-14.59109974,-21.13419914,6.61172009
-14.56770039,58.31850052,8.41466999
-14.17035675,-11.83142185,9.0233345
-14.54819965,55.92879868,21.26530075
-14.53740025,8.34799004,62.35699844
-14.53680038,25.89999962,62.29449844
-14.53369999,-1.71168995,49.23199844
-14.51070023,27.8295002,52.27170181
-14.51070023,53.69530106,1.92291999
-14.51000023,10.24180031,55.34780121
-14.50380039,58.34090042,17.48749924
-14.50119972,46.94549942,33.7582016
-14.49120045,62.08140182,15.00349998
-14.48190022,26.43490028,55.24319839
-14.47920036,54.34049988,22.98360062
-14.47749996,54.24290085,27.39620018
-14.47169971,2.86962008,55.60039902
-14.46990013,4.02201986,60.49349976
-14.45559978,26.17329979,57.48720169
-14.42609978,56.66059875,7.67266989
-14.42430019,-38.40390015,72.53070068
-14.42129993,4.49316978,59.54029846
-14.42000008,59.05459976,10.33300018
-14.41849995,52.86520004,24.42589951
-14.41059971,-19.2390995,8.65771961
-14.40629959,6.44083023,60.91870117
-14.3987999,51.20149994,29.96890068
-14.39659977,54.09809875,6.47467995
-14.38070011,36.89030075,65.76799774
-14.36880016,43.89709854,43.52500153
-14.36359978,50.28369904,26.50830078
-14.36069965,60.07220078,22.7269001
-14.35519981,7.90779018,54.72679901
-14.34020042,5.15010977,57.02190018
-14.33759975,2.94218993,53.56309891
-14.24607563,58.41609955,2.64089036
-14.32489967,26.00110054,64.84680176
-14.31219959,-38.01330185,68.20230103
-14.3115797,61.62078857,4.3137579
-14.29786777,-16.43887329,0.51050448
-14.30370045,61.51229858,19.10750008
-14.28589725,62.22293854,7.47437
-14.29556847,46.13390732,62.0385704
-14.28439999,59.02270126,24.02190018
-14.27729988,43.32989883,33.35409927
-14.27519989,-9.37602997,16.38990021
-14.26930046,46.86410141,29.3383007
-14.2663002,43.30550003,64.02729797
-14.22469997,56.85490036,1.95827997
-14.22200012,25.89920044,59.59600067
-14.21049976,-17.52350044,10.78709984
-14.20820045,0.118128,69.88259888
-14.19099998,5.66309977,62.26879883
-14.1906004,-37.5945015,59.90029907
-14.18540001,54.82619858,1.51327002
-14.17399979,5.55240011,54.14120102
-14.16219997,35.02909851,41.80979919
-14.0742569,-15.89106941,14.69557285
-14.14900017,7.30706978,63.83890152
-14.12759972,54.74769974,7.23912001
-14.11470032,61.26599884,3.2016201
-14.10859966,59.28210068,14.04249954
-14.08606052,-15.85406017,2.66465783
-14.10639954,-7.54151011,21.8234005
-13.78489208,21.11977196,64.10662079
-14.10009956,-12.61429977,31.68869972
-14.09799957,-38.7765007,53.00830078
-14.08300018,62.62080002,11.31000042
-14.07050037,57.80889893,25.47270012
-14.06739998,-15.64869976,37.74430084
-13.69188881,-21.55241966,0.83557308
-14.05630016,10.45709991,63.41949844
-14.05539989,62.50519943,15.10490036
-13.75082111,-22.38967896,1.67598307
-14.02589989,2.79225993,65.83399963
-14.01939964,-9.93017006,13.16849995
-14.01220036,-15.11870003,4.47243977
-13.98890018,12.26949978,59.66460037
-13.97049999,-30.41180038,81.51750183
-13.96199989,-10.58889961,11.1899004
-13.95269966,8.88504028,65.28440094
-13.95020008,4.15366983,64.11460114
-13.93640041,-0.38315299,49.55730057
-13.91779995,13.2052002,55.95899963
-13.51353741,57.5690155,8.92989063
-13.91549969,23.59539986,65.29329681
-13.63722134,-20.00860214,0.16280097
-13.90769958,-14.71409988,17.69169998
-13.88409996,-13.67350006,36.50709915
-13.85420036,-33.84260178,79.26439667
-13.8263998,-14.42990017,5.97356987
-13.82400036,52.71239853,3.9546001
-13.81260014,56.32559967,7.88992977
-13.80900002,-0.59876502,72.67520142
-13.54063892,2.38176656,48.51863861
-13.75010014,-13.52429962,23.09000015
-13.74730015,-13.26140022,34.31389999
-13.61625576,-18.58051872,0.08271689
-13.52126217,56.06492233,27.5609436
-13.72159958,58.24629974,10.29640007
-13.71619987,52.7901001,2.6085999
-13.62366104,-22.13146782,3.18778419
-13.70660019,-32.56299973,44.4056015
-13.68459988,-5.72909021,26.72439957
-13.67469978,-36.96559906,48.67070007
-13.66600037,49.48809814,47.43659973
-13.65820026,7.6161499,50.79159927
-13.53248501,52.96746063,29.8697567
-13.63549995,21.57229996,65.85919952
-13.63070011,46.19400024,29.11499977
-13.62339973,-36.19150162,75.75839996
-13.6232996,53.92300034,22.75760078
-13.62240028,55.11420059,21.24939919
-13.61970043,51.26539993,51.62630081
-13.6079998,52.6794014,24.15089989
-13.59630013,22.82710075,61.917099
-13.58920002,51.61510086,54.14979935
-13.57429981,49.83110046,26.44149971
-13.56719971,9.84601021,51.25970078
-13.53460026,53.24980164,2.07800007
-13.52210045,47.65969849,43.2030983
-13.51739979,-35.03310013,46.52959824
-13.51299953,-27.23670006,41.14049911
-13.51169968,56.46820068,1.58252001
-13.5078001,48.83119965,33.76259995
-13.50380039,5.32555008,50.40029907
-13.49680042,5.17105007,65.73709869
-13.46560001,50.38660049,47.70360184
-13.45950031,51.40980148,57.75839996
-13.44439983,60.86199951,2.59177995
-13.44219971,53.96929932,6.32959986
-13.4375,57.4858017,17.21509933
-13.43620014,-19.23819923,6.96120977
-13.41359997,58.55130005,13.83689976
-13.41310024,-36.92440033,66.40699768
-13.40340042,-13.37230015,7.86341
-13.40310001,-16.4178009,37.81959915
-13.40120029,1.32447004,68.30400085
-13.35690022,-19.97999954,80.35959625
-13.32909966,11.46539974,66.28469849
-13.3277998,-2.35858011,45.26340103
-13.17440033,-18.00623703,0.93994558
-13.31779957,46.90380096,38.61230087
-13.30930042,37.85469818,37.90909958
-13.30910015,12.95419979,64.22070313
-13.30179977,-37.58420181,57.80659866
-13.27950001,42.77899933,67.51080322
-13.27449989,-2.66209006,39.94869995
-13.27120018,54.45780182,1.65445006
-13.27050018,47.01990128,64.76049805
-13.26970005,-17.77459908,8.76156044
-13.22949982,61.96749878,23.13579941
-13.22729969,42.12870026,32.93600082
-13.21949959,54.604599,7.01698017
-13.21809959,49.62269974,62.19290161
-13.21000004,-12.38580036,9.62180042
-13.20759964,60.95339966,25.42110062
-13.20660019,3.22773004,67.24030304
-13.19979954,60.29069901,26.36569977
-13.19690037,-12.31070042,27.4321003
-13.18420029,61.4632988,24.5279007
-13.17560005,62.40890121,19.49650002
-13.14249992,53.90420151,3.97215009
-13.14019966,-19.90060043,5.3523798
-13.13790035,25.93239975,51.44219971
-13.09862614,53.99038696,2.68636465
-13.12220001,56.19240189,7.74094009
-13.10789967,14.94250011,61.85409927
-12.70797062,58.11341858,2.08258533
-13.10229969,49.6590004,43.09749985
-12.95700741,54.94787598,5.95050383
-13.09449959,20.49570084,62.00239944
-13.08979988,-38.48479843,51.79230118
-13.08676529,59.59008789,2.07009149
-13.07900047,16.46920013,64.81130219
-13.07400036,28.38660049,48.93669891
-13.07050037,-9.8982296,17.03359985
-13.06389999,-4.62200022,74.42810059
-13.0607996,13.02229977,52.06029892
-13.05690002,50.03039932,33.76720047
-13.02869987,-16.02599907,10.39330006
-13.02369976,57.47600174,8.73752022
-13.01739979,-16.5298996,4.89301014
-13.01690006,17.17760086,62.18730164
-12.98978424,-17.10566521,3.49817085
-13.00139999,-3.60456991,31.89039993
-12.99499989,54.1739006,30.17539978
-12.99380016,-10.42230034,13.75109959
-12.99300003,-25.00889969,81.47160339
-12.98530006,-15.85760021,6.41681004
-12.98130035,-11.17329979,11.72360039
-12.97700024,-2.11195993,46.0155983
-12.95489979,-20.26530075,0.88279599
-12.93350029,48.22909927,38.52310181
-12.93000031,-11.56589985,32.42910004
-12.84592915,-14.3777895,14.13542366
-12.90620041,53.93349838,4.00824022
-12.90299988,63.05459976,15.34309959
-12.90019989,6.43546009,67.73210144
-12.89260006,57.84859848,10.23149967
-12.88679981,4.95391989,47.68690109
-12.8520565,53.96433258,2.72051239
-12.85789967,16.07029915,60.01850128
-12.84309959,-13.9453001,10.13339996
-12.8409996,-9.34840012,75.80169678
-12.73906136,-20.39293098,3.36772156
-12.83699989,30.47100067,45.3083992
-12.67218018,55.21355438,2.30185008
-12.81449986,58.1908989,28.38129997
-12.71698761,55.06656647,6.17243958
-12.80249977,-19.1637001,0.84406
-12.79930019,-14.83069992,8.27274036
-12.7901001,6.82436991,47.4396019
-12.77089977,56.00439835,1.62323999
-12.76939964,-17.5576992,6.84860992
-12.75549984,49.70529938,38.49499893
-12.74779987,-13.04990005,17.86090088
-12.72169971,-20.45660019,1.84824002
-12.71420002,-17.61610031,37.75249863
-12.7116003,51.48189926,33.79499817
-12.6729002,58.18510056,13.75039959
-12.67249966,-16.61100006,8.59025002
-12.66779995,-36.31100082,64.54100037
-12.61124706,-12.36618042,13.47324848
-12.63809967,-11.45940018,17.56369972
-12.62639999,-18.15859985,5.27308989
-12.60669994,16.28409958,67.01460266
-12.60070038,56.02590179,30.5666008
-12.57600021,35.31389999,69.10870361
-12.56999969,-35.93880081,70.71820068
-12.56949997,57.00640106,17.10610008
-12.56130028,-6.43584013,27.1644001
-12.51978207,56.33220291,7.02108145
-12.54259968,-0.97328103,46.36159897
-12.53180027,18.04829979,60.04529953
-12.52890015,10.93570042,68.3769989
-12.52770042,16.64209938,56.57960129
-12.52750015,54.96229935,20.96339989
-12.52530003,60.37919998,2.09653997
-12.5223999,53.77750015,22.50790024
-12.51780033,-8.08644962,22.34370041
-12.50730038,52.3390007,24.05240059
-12.50269985,-19.09729958,1.80127001
-12.48120022,52.53509903,4.02311993
-12.39109516,56.30211258,2.20739722
-12.40647888,-18.81651688,3.26632357
-12.46609974,8.72093964,47.46360016
-12.45510006,53.92079926,6.49223995
-12.44830036,54.68939972,7.11915016
-12.4236002,22.78899956,59.7804985
-12.41639996,-11.44470024,23.25869942
-12.40190029,52.40999985,2.64225006
-12.3987999,53.44169998,33.91590118
-12.39099979,63.33769989,11.42389965
-12.38799953,-14.1281004,77.36209869
-12.38269997,23.8253994,54.57429886
-12.3285532,58.7448616,1.97350788
-12.37779999,1.76686001,45.61800003
-12.37660027,49.33909988,26.63439941
-12.2754364,57.37631989,8.37783241
-12.35589981,57.88980103,10.17109966
-12.34290028,20.43280029,60.06900024
-12.33460045,-37.895401,55.85889816
-12.33380032,-2.21392012,34.11600113
-12.25660038,51.80989838,38.69620132
-12.25319958,52.83349991,1.96194005
-12.24969959,16.13879967,52.88460159
-12.23929977,63.16189957,9.12254047
-12.23830032,-9.84778976,22.85309982
-12.17949963,-11.94330025,35.56209946
-12.15100002,52.62260056,47.45299911
-12.1505003,44.91410065,28.96229935
-12.0965271,62.87627792,7.19530392
-12.11690044,-34.99509811,47.34519958
-12.11639977,18.23069954,56.94380188
-12.11639977,44.91070175,68.96620178
-12.11639977,51.67340088,42.95510101
-12.10050011,-1.76605999,35.48820114
-12.08129978,-11.98449993,38.15480042
-12.06060028,22.93359947,57.29040146
-12.0468998,57.48189926,2.42596006
-12.03740025,33.84230042,40.44210052
-12.03059959,53.75059891,50.77510071
-12.01949978,-1.50461996,36.65999985
-12.00230026,11.54699993,48.03310013
-11.9659996,25.17499924,50.71630096
-11.81831646,62.16111755,3.64608741
-11.96469975,53.98469925,1.53424001
-11.96430016,42.00239944,70.21179962
-11.95820045,56.55799866,7.82775021
-11.95470047,21.76129913,51.30469894
-11.94649982,-36.0802002,62.61339951
-11.94550037,57.09899902,17.17239952
-11.89490032,-37.87680054,50.6495018
-11.89490032,17.92000008,53.25469971
-11.88739967,-32.79050064,44.96110153
-11.88700008,58.06900024,13.78670025
-11.88329983,19.65690041,57.11589813
-11.87940025,28.9659996,69.11910248
-11.87909985,-10.05609989,28.1704998
-11.87479973,20.90340042,57.20880127
-11.87380028,62.01100159,23.4633007
-11.86900043,-4.62772989,32.17969894
-11.86530018,-12.15040016,38.42039871
-11.85990047,53.94940186,54.00249863
-11.85470009,3.47656012,69.12640381
-11.85400009,61.76810074,2.76636004
-11.83469963,15.17029953,49.6753006
-11.7894001,-8.49728966,27.8383007
-11.7798996,48.81900024,66.28669739
-11.77670002,55.95589828,1.85977006
-11.76500034,19.28240013,53.53950119
-11.76290035,-0.06746,71.58180237
-11.73069954,40.80879974,32.54460144
-11.7159996,-7.11237001,27.56349945
-11.70650005,21.7052002,53.8913002
-11.70629978,-30.66699982,42.89640045
-11.69410038,58.02930069,10.26439953
-11.67920017,36.80690002,37.10070038
-11.64918327,61.68845749,25.06157684
-11.61919975,53.34199905,58.39039993
-11.61180019,-27.89109993,80.20659637
-11.59529972,17.00219917,50.2798996
-11.59430027,21.75270081,50.24620056
-11.59140015,19.04409981,50.99010086
-11.58899975,25.07530022,49.80139923
-11.58889961,-9.37164974,33.31529999
-11.18838215,60.75915909,2.19867754
-11.5309,54.7798996,7.50881004
-11.52530003,51.78699875,62.62350082
-11.52270031,18.91740036,49.9477005
-11.50949955,60.04290009,27.08839989
-11.50909996,3.86357999,44.77190018
-11.5053997,-19.74869919,37.80649948
-11.49639988,-37.97119904,54.65439987
-11.47679996,54.03179932,6.8450799
-11.46609974,25.78359985,69.10179901
-11.45969963,62.69200134,19.78980064
-11.42339993,5.56126022,44.21080017
-11.42080021,14.61940002,47.98529816
-11.41359997,-7.64878988,33.06470108
-11.40390015,56.44260025,8.09280014
-11.38510036,-2.69152999,42.05419922
-11.36929989,16.55190086,48.90200043
-11.36600018,-33.43000031,73.78160095
-11.34490013,52.62070084,4.35839987
-11.31379986,-5.99532986,32.63759995
-11.30080032,58.41889954,28.37220001
-11.30049992,16.47069931,69.02559662
-11.27350044,-36.14300156,60.89089966
-11.07646084,58.43588638,2.03120613
-10.84496021,57.36289215,2.31996799
-11.23789978,-34.62850189,68.96630096
-11.2244997,7.25790024,43.96640015
-11.21930027,-1.87844002,73.94860077
-11.15149975,52.48339844,2.81488991
-11.1473999,28.00919914,48.4715004
-11.07730007,-2.39669991,42.8586998
-11.05160046,57.88830185,13.83230019
-11.03419971,63.4715004,15.80519962
-11.01720047,57.38510132,17.40259933
-11.01249981,52.9457016,2.07240009
-11.00909996,22.00020027,69.40950012
-11.00109959,56.45429993,30.63409996
-10.98740005,55.11560059,21.31189919
-10.94769955,54.01739883,22.73660088
-10.94550037,57.67959976,8.94526958
-10.94009972,54.01399994,1.55862999
-10.91530037,-9.56457996,36.94260025
-10.91059971,-13.03320026,38.41419983
-10.90670013,58.13629913,10.2269001
-10.89210033,55.79740143,1.90243995
-10.88329983,52.63410187,24.33769989
-10.8757,-3.49679995,34.63209915
-10.87030029,9.45855045,44.19660187
-10.80930042,-30.95070076,77.06330109
-10.80350018,1.12651002,70.45670319
-10.7901001,-1.95372999,43.40499878
-10.77890015,56.47019958,8.08500004
-10.71290016,-37.93669891,53.4056015
-10.7098999,-7.5748601,37.77909851
-10.64420033,-22.34550095,80.39179993
-10.52056789,-2.87966871,37.42771149
-10.6225996,49.65459824,26.71220016
-10.60410023,-30.72870064,43.13190079
-10.59990025,16.09830093,47.98860168
-10.58921051,30.06811333,45.71765518
-10.56949997,21.76910019,50.07400131
-10.56879997,55.02809906,7.62829018
-10.56779957,18.8227005,49.21519852
-10.56169987,-36.01150131,48.33639908
-10.53450012,-36.43099976,59.43420029
-9.93840408,58.71707153,2.16044068
-10.5223999,63.55270004,11.84360027
-10.4531002,55.75710297,6.80075312
-10.50559998,54.38830185,6.99870014
-10.49020004,57.7356987,8.58658028
-10.44620609,-4.54668236,37.07002258
-10.48589993,54.96179962,33.90129852
-10.48309994,6.53499985,70.5632019
-10.42729664,-5.56749439,37.4245491
-10.45370007,60.57379913,23.62689972
-10.44050026,45.45619965,29.19470024
-10.41059971,-9.7487402,39.09700012
-10.36021614,56.73607254,7.45413494
-10.40219975,-34.06779861,67.22450256
-10.38269997,40.80130005,32.61949921
-10.36379814,55.10720444,5.871243
-10.37759972,-5.73556995,75.1690979
-10.36590004,58.40629959,10.71310043
-10.3604002,-32.67710114,45.7696991
-10.19342995,58.48415375,26.28614235
-10.31989956,2.99837995,70.47129822
-10.31770039,13.75769997,46.49420166
-10.2883997,-37.94110107,52.3042984
-10.24569988,53.00419998,4.59540987
-10.24419975,63.3144989,9.58388996
-10.0511446,60.22222519,2.23329997
-10.18150043,61.35010147,19.62809944
-10.16810036,33.69919968,40.42549896
-10.15299988,-9.98316002,39.32109833
-10.12880039,-16.25600052,77.94380188
-10.1281004,36.43119812,36.8893013
-10.10550022,54.45090103,46.97019958
-10.08940029,55.57529831,2.24406004
-10.08600044,41.65269852,71.77600098
-10.07289982,-28.61779976,41.42079926
-10.05599976,58.88079834,14.39480019
-10.01781273,62.95807266,7.80429411
-10.05080032,58.30379868,18.16320038
-10.03429985,34.79959869,72.09279633
-9.96332455,54.73914719,4.49942398
-10.00349998,53.70529938,38.56309891
-9.97743988,61.6271019,2.83951998
-9.97622967,-10.93060017,76.18180084
-9.94595051,56.87794495,2.6383636
-9.97257042,54.0848999,1.89121997
-9.95939064,55.31978989,7.26412964
-9.96757984,11.63290024,71.25279999
-9.96720028,52.85990143,3.04922009
-9.96152973,-13.76920033,37.51789856
-9.94136047,58.18799973,9.28079033
-9.93984032,13.57460022,46.19720078
-9.93964958,24.82049942,50.06520081
-9.67093658,56.5786972,27.72257614
-9.89074039,15.83469963,47.80089951
-9.89064026,-0.026289,43.06840134
-9.88990974,53.45339966,42.74909973
-9.85064983,53.26879883,2.40524006
-9.73677444,62.10923386,3.95252347
-9.82968044,56.92910004,8.19400024
-9.82691002,-3.67762995,41.65620041
-9.73592281,55.71608734,2.67779899
-9.8087101,61.95460129,15.75650024
-9.80725002,54.78160095,50.23540115
-9.80657005,-36.71229935,58.21350098
-9.7006073,54.78943634,3.12464595
-9.78388977,-7.80166006,40.1432991
-9.7611599,59.21509933,11.11229992
-9.72677994,58.9231987,23.21139908
-9.69604969,18.74710083,48.74869919
-9.68824959,57.14170074,22.51549911
-9.6738596,57.98860168,25.00289917
-9.66574001,-34.05759811,65.37689972
-9.64363003,45.57979965,70.3707962
-9.46450138,54.78168869,3.02252126
-9.61275959,-3.50022006,42.03630066
-9.60875988,56.97200012,26.70070076
-9.59603024,5.75394011,41.62340164
-9.58924961,59.63470078,19.15439987
-9.57734013,2.13989997,42.2336998
-9.39085484,54.14421082,25.28373146
-9.51659012,54.36389923,4.81802988
-9.48521996,-7.95919991,40.37260056
-9.30502796,62.33889389,10.65336418
-9.47830009,21.8512001,49.68310165
-8.93638802,-34.43812943,46.94512177
-9.46903992,60.36970139,15.15030003
-9.46839046,-31.66460037,71.93579865
-9.46825981,-9.73050976,39.61019897
-9.44604015,-5.77162981,40.6310997
-9.43953037,54.81499863,54.25999832
-9.41559029,3.94092011,41.65750122
-9.36882019,55.80379868,2.26185989
-9.35052967,56.37630081,24.46520042
-9.30107975,-0.69036603,73.51360321
-9.2926302,8.18766022,41.83430099
-9.28639984,57.56959915,8.35151958
-9.27622032,-3.23058009,42.17039871
-9.27103996,59.06489944,9.51194954
-9.25428009,-21.91320038,38.03570175
-9.24495029,60.76739883,11.73890018
-9.22787952,54.37409973,3.64736009
-9.19215012,-36.78779984,49.53369904
-9.17838001,61.02050018,2.8636601
-9.17263985,-5.85972977,40.88819885
-9.17057991,57.35950089,2.55860996
-9.08261967,-36.95449829,56.75699997
-9.08156967,-34.22589874,63.94530106
-9.06637192,28.00935364,48.35186386
-9.06352997,54.18590164,59.20429993
-9.05889988,55.92449951,7.47443008
-9.05694962,50.31349945,67.41739655
-9.04646015,55.30730057,26.19009972
-9.02548981,55.27949905,6.76679993
-9.02134991,24.66690063,49.87279892
-8.92438793,62.11255264,7.70632553
-8.92942047,60.81079865,9.9025898
-8.92673969,54.10179901,30.53359985
-8.88498974,-7.42702007,40.41059875
-8.8508997,58.33240128,8.25374031
-8.84920025,61.36869812,3.75342989
-8.84895039,53.28269958,63.81069946
-8.81698036,16.58600044,71.74089813
-8.81651974,54.41239929,4.97580004
-8.80799007,51.81750107,27.44129944
-8.74367809,61.7257576,5.29992199
-8.79212856,60.16782379,2.91931081
-8.75502968,-5.22528982,41.3042984
-8.75360966,57.57089996,2.77392006
-8.72898006,56.06909943,2.29404998
-8.67265987,55.37509918,2.69297004
-8.63753986,54.30899811,27.86120033
-8.63436985,52.69260025,33.99860001
-8.37422276,60.72089386,7.10950184
-8.58601856,54.54346085,3.7757566
-8.58216953,-25.08930016,78.69460297
-8.57443047,-30.83270073,44.00659943
-8.55937004,-3.33884001,74.84490204
-8.0538559,-34.68598938,62.06007385
-8.44563961,48.59799957,29.81159973
-8.4383297,53.66210175,27.87870026
-8.34472179,60.22028351,3.88140106
-8.38516998,52.04719925,38.58349991
-8.34243965,12.23709965,43.03770065
-8.3083601,55.74649811,6.71072006
-8.28129005,58.78910065,6.8579998
-8.25984001,56.54750061,7.35494995
-8.21661568,60.59608078,5.51910162
-8.24740028,53.64039993,46.82559967
-8.11543083,57.07252121,3.63032627
-8.22789001,14.8980999,44.46630096
-8.21741009,54.73939896,5.0679698
-8.21269035,-36.99610138,55.02880096
-8.20985031,54.44829941,50.02470016
-8.10243511,55.70343399,5.54765081
-8.18270016,-14.98700047,36.84159851
-8.17570972,52.44189835,42.88150024
-8.04413795,56.14965057,2.64988971
-8.15616989,-31.18779945,70.12310028
-8.15497971,21.82489967,48.04669952
-8.13912964,43.69219971,33.34120178
-8.1267004,18.20680046,46.1957016
-8.10768032,39.47650146,37.3370018
-8.09696007,0.052347,72.59750366
-8.09500027,27.90509987,72.04299927
-8.0277195,58.89796066,5.29411888
-8.06867027,36.24850082,40.96630096
-8.04598999,31.44630051,46.3003006
-8.04526043,33.08639908,44.46110153
-8.03252983,-9.75006008,38.29370117
-8.03151989,-1.77547002,41.36040115
-8.00299358,55.0379982,3.94756031
-7.93290663,55.96166229,4.42177582
-7.92588997,-35.23320007,47.79850006
-7.92260981,24.71899986,48.2989006
-7.90139008,52.69039917,30.55660057
-7.84793997,-18.71899986,78.29889679
-7.85524178,-31.38134003,44.39091873
-7.71338987,54.40240097,54.75090027
-7.66071987,26.16010094,72.05809784
-7.65041018,2.43242002,71.97750092
-7.60936022,-27.77589989,75.17939758
-7.60854006,51.03179932,30.26539993
-7.49466991,-12.9598999,76.94259644
-7.43176985,-7.32017994,75.68710327
-7.36786985,22.16769981,72.10590363
-7.31690979,34.42219925,73.50869751
-7.27809,6.64461994,71.95780182
-7.25884008,-36.73289871,52.02809906
-7.24278021,54.06299973,59.93610001
-7.2354598,40.89030075,72.92060089
-7.21280003,-34.96839905,60.64630127
-7.21200991,-31.33169937,68.40940094
-7.11525011,27.80559921,47.33319855
-7.11452007,-0.196485,40.17679977
-7.10677004,-28.65509987,42.11899948
-6.94650984,50.60630035,33.98519897
-6.89238024,45.2779007,71.09030151
-6.88629007,-3.6559701,40.17839813
-6.84092999,47.19739914,33.85720062
-6.81816006,-6.4103899,38.97949982
-6.74372005,12.02060032,73.02870178
-6.65990019,-1.32588995,74.50160217
-6.64317989,74.30169678,70.84159851
-6.6200099,49.8830986,38.82960129
-6.5641799,-31.64590073,67.20240021
-6.52053022,79.20410156,70.52999878
-6.49183989,-23.12450027,38.87530136
-6.47434998,3.18341994,39.06150055
-6.46715021,-35.20560074,59.30690002
-6.42909002,51.19400024,47.8647995
-6.42225981,49.67359924,42.7942009
-6.42127991,69.60900116,70.85549927
-6.39153004,74.4865036,67.21990204
-6.39094019,1.43071997,39.38019943
-6.36644983,6.04527998,38.94369888
-6.28034019,25.47540092,45.44279861
-6.2493701,69.70610046,67.52829742
-6.23670006,79.44619751,66.90650177
-6.23109007,83.61740112,70.11840057
-6.21547985,42.8443985,38.35290146
-6.10234022,21.76420021,43.65250015
-6.09428978,52.91989899,65.85949707
-6.02762985,-33.0094986,45.72240067
-6.01933002,-35.51539993,49.5489006
-5.57688093,-32.21492386,65.4424057
-5.98676014,83.95559692,66.73880005
-5.96017981,47.60200119,38.81790161
-5.95872021,50.21469879,68.35569763
-5.94774008,44.40129852,38.68470001
-5.94018984,17.84810066,42.04800034
-5.91776991,9.98647022,39.30849838
-5.91530991,28.25060081,46.08110046
-5.85435009,39.9878006,41.6534996
-5.85290003,16.54770088,73.43119812
-5.82036018,14.00279999,40.39860153
-5.79911995,-27.90679932,72.77140045
-5.79247999,-10.31989956,37.38589859
-5.78668022,-35.29489899,58.13079834
-5.7572999,-28.48970032,42.47900009
-5.75486994,51.96670151,51.56969833
-5.73292017,87.53079987,69.91940308
-5.66976976,64.9838028,70.6411972
-5.66099024,64.77339935,67.80410004
-5.59746981,-5.15851021,75.44830322
-5.58785009,-21.42770004,77.89499664
-5.5619998,-1.32481003,73.76499939
-5.53005981,-15.18350029,77.38950348
-5.52785015,87.92990112,66.90260315
-5.47127008,-16.66810036,36.91159821
-5.44762993,50.21080017,68.71579742
-5.36642981,73.88159943,73.8022995
-5.34228992,35.90930176,45.03409958
-5.32302999,42.33750153,42.20869827
-5.23573017,78.76029968,73.48899841
-5.14760017,-2.59337997,39.09159851
-5.12307978,59.29019928,68.22280121
-5.10186005,27.55590057,73.97059631
-5.09747982,34.24729919,74.63089752
-5.08162022,45.64830017,42.57889938
-5.07480001,22.46910095,73.49240112
-5.03725004,69.25640106,73.60089874
-5.01675987,59.55739975,70.41459656
-4.96963978,2.57971001,73.11090088
-4.93604994,91.05989838,69.90820313
-4.71870804,-32.44206238,63.88901138
-4.89947987,52.75059891,56.19850159
-4.88948011,83.17279816,72.94909668
-4.88199997,-9.44789028,76.34190369
-4.86973,50.1283989,69.09770203
-4.8424201,33.44900131,45.90119934
-4.83852005,45.05970001,72.00009918
-4.82582998,-35.31869888,56.03020096
-4.80218983,55.21030045,68.3030014
-4.79071999,74.49559784,64.18840027
-4.76219988,91.43659973,67.24230194
-4.74196005,79.59300232,63.93489838
-4.61548948,-28.08044815,71.09169769
-4.68197012,69.47979736,64.8062973
-4.65124989,40.32870102,73.65190125
-4.64786005,-28.36599922,42.46640015
-4.61442995,52.89450073,61.38890076
-4.6017499,-5.2816,37.95479965
-4.58322001,84.20619965,64.04579926
-4.4303298,87.06109619,72.53800201
-4.42082024,52.16960144,66.53730011
-4.41862011,55.07049942,70.23320007
-4.38559008,-23.41139984,76.14260101
-4.32230997,39.81880188,45.51440048
-4.32060003,52.75529861,56.11439896
-4.30865002,64.37400055,65.62809753
-4.30816984,51.01449966,52.06719971
-4.24890995,64.86579895,73.14080048
-4.16308022,52.96250153,61.58280182
-4.16235018,44.05680084,45.97340012
-4.14415979,-23.36179924,39.57690048
-4.13699007,88.24500275,64.54199982
-4.02970982,-33.50519943,46.90390015
-4.01723003,7.08065987,72.93430328
-3.99898005,33.28540039,45.51520157
-3.98264003,52.26150131,66.73239899
-3.97581005,58.90930176,66.62850189
-3.87413001,94.37950134,69.96720123
-3.86364007,55.40219879,66.78359985
-3.83170009,90.68430328,72.25559998
-3.76536012,-3.26960993,75.18650055
-3.71954012,59.60720062,72.54000092
-3.71221995,94.55139923,67.79820251
-3.68588996,48.07720184,49.55170059
-3.58274007,45.12990189,72.87259674
-3.5701201,-1.22222996,38.24850082
-3.54413009,-34.44800186,53.1094017
-3.48348999,-28.46409988,69.03289795
-3.45325994,50.53170013,71.79820251
-3.42594004,-32.58969879,61.55599976
-3.41961002,91.748703,65.28040314
-3.39936996,39.2378006,46.75389862
-3.3340199,54.85889816,71.93840027
-3.33065009,12.2968998,73.69049835
-3.29874992,-24.41290092,74.45690155
-3.2402401,-17.82959938,77.24469757
-3.1621201,43.61399841,47.70339966
-3.06067991,26.05870056,42.71440125
-3.05018997,17.56360054,39.72790146
-3.03361011,21.95680046,41.1814003
-3.01598001,-18.44490051,37.9408989
-3.00800991,94.20439911,71.92939758
-3.00063992,-28.73209953,68.01390076
-2.94456005,-30.16749954,43.11289978
-2.94388008,29.05349922,43.71390152
-2.88250995,3.81112003,37.70780182
-2.86445999,8.36516953,37.72449875
-2.85187006,-23.49539948,40.06620026
-2.8506701,16.63349915,74.01390076
-2.83761001,-7.20451021,76.00279999
-2.8020699,0.35780001,37.90179825
-2.77867007,-11.56980038,76.6230011
-2.75099993,96.75060272,69.92209625
-2.73978996,33.32759857,45.09700012
-2.71899009,13.36950016,38.49829865
-2.59250998,96.67990112,68.32879639
-2.56177998,94.70890045,66.28469849
-2.54566002,-1.31430995,74.65920258
-2.02485633,-29.21323967,65.81762695
-2.47303009,73.21350098,75.4477005
-2.39352989,78.12609863,75.21679688
-2.34051991,-24.79789925,73.11129761
-2.32317996,-11.7329998,37.78120041
-2.29646993,-33.22610092,50.59999847
-2.29404998,68.70610046,75.11299896
-2.23259997,27.75510025,74.53530121
-2.21918988,22.38890076,74.14199829
-2.18366003,-32.46429825,59.17739868
-2.1589601,82.71589661,74.52290344
-2.14334989,39.26599884,46.60860062
-2.12385011,96.7881012,71.36389923
-2.09922004,79.42649841,62.46429825
-2.09556007,74.32830048,62.71049881
-2.09024,-19.47769928,76.48570251
-2.0587399,84.16159821,62.69390106
-2.0492301,69.27809906,63.5625
-2.03972006,33.43389893,74.93180084
-1.97485995,43.6291008,47.75260162
-1.91815996,-23.80890083,40.33209991
-1.90976,47.68849945,49.93719864
-1.90839005,-4.90537024,37.69430161
-1.89293003,64.53710175,74.61579895
-1.89049006,86.6411972,74.03369904
-1.88513005,64.13189697,64.57099915
-1.88004005,2.73305011,74.10669708
-1.85026002,88.35690308,63.42229843
-1.83368003,50.34999847,53.46239853
-1.79100001,52.52360153,57.08560181
-1.78685999,50.67580032,73.35900116
-1.73125994,53.05690002,62.39210129
-1.72712004,58.69419861,65.7594986
-1.70468998,59.51549911,73.94789886
-1.68517995,39.80490112,74.58769989
-1.67200994,45.08110046,73.75530243
-1.64981997,55.28440094,65.9937973
-1.61909997,96.66889954,67.19940186
-1.61325002,54.97710037,73.41049957
-1.58789003,90.41300201,73.74479675
-1.56739998,52.19219971,66.0223999
-1.50206006,-19.42900085,39.31760025
-1.48863995,91.98349762,64.54470062
-1.47047997,-24.62890053,71.88819885
-1.40379,98.61889648,70.00700378
-1.30208004,-29.67819977,63.97589874
-1.27479994,98.49649811,69.06400299
-1.22912002,-32.52330017,55.0583992
-1.21090996,94.08540344,73.20249939
-1.17592001,-32.10079956,48.5163002
-1.16259003,7.38073015,73.64510345
-1.12712002,-30.69680023,43.8404007
-1.07850003,94.92500305,65.77410126
-1.05356002,-21.12339973,75.28410339
-1.01997995,98.75350189,70.84190369
-0.80954897,96.76110077,72.19519806
-0.77384901,-19.8260994,40.56999969
-0.77328199,-5.29034996,75.56130219
-0.67183602,-24.46349907,70.69709778
-0.62390399,-30.15439987,61.77479935
-0.620085,98.49990082,68.44950104
-0.38943577,96.88899994,66.88122559
-0.45973301,-9.14729023,76.14830017
-0.45579699,-14.0060997,76.58119965
-0.413008,12.46479893,74.20037079
-0.28430301,-21.53370094,74.23570251
-0.05355436,98.99221039,71.21127319
-0.212954,-30.63619995,59.86579895
-0.198469,-26.96710014,40.2480011
0.18462239,100.02333832,70.41182709
-0.170607,-31.74029922,51.30110168
-0.10622731,-24.75532532,69.53959656
-0.13913099,-36.00279999,7.28455019
0.38179696,99.85468292,69.5409317
-0.054861,-36.65449905,7.18792009
0.04286997,-35.68801117,8.14465523
0.1164121,98.67099762,68.33617401
0.05769,-35.84289932,5.90796995
0.093791,-36.49480057,5.73933983
0.113452,-36.35800171,8.32211018
0.33147869,-34.95091248,7.42991781
0.152302,16.71910095,74.59349823
0.153042,-23.12789917,39.49779892
0.238644,-14.36999989,38.67060089
0.334957,-20.35020065,41.01490021
0.67883831,-34.37005234,6.47142839
0.40852207,-35.48880768,5.0852499
0.41603199,-37.11209869,7.06690979
0.425143,-36.16040039,4.84062004
0.48897901,-15.95349979,76.12799835
0.522569,-36.98350143,5.7021699
0.54105699,-36.88539886,8.26280022
0.60528898,-25.94020081,66.78749847
0.61913902,-18.34740067,75.23040009
0.63026202,-20.5326004,40.8586998
0.63642198,17.57869911,39.23870087
0.63642198,22.3083992,74.79160309
0.63642198,22.45689964,40.49890137
0.63642198,26.44470024,41.89170074
0.63642198,27.95409966,75.10030365
0.63642198,29.60659981,43.04000092
0.63642198,32.83060074,75.24389648
0.63642198,33.56140137,44.52840042
0.63642198,39.12559891,46.48709869
0.63642198,39.29309845,74.88110352
0.63642198,43.39279938,47.69950104
0.63642198,44.64830017,74.12999725
0.63642198,47.55509949,50.24879837
0.63642198,49.49710083,54.51869965
0.63642198,50.58140182,73.7539978
0.63642198,51.24909973,58.15969849
0.63642198,51.88399887,65.88359833
0.63642198,52.24710083,62.23139954
0.63642198,54.9640007,73.89910126
0.63642198,55.01639938,65.75800323
0.63642198,58.42110062,65.45469666
0.63642198,59.40499878,74.39389801
0.63642198,64.07510376,64.19039917
0.63642198,64.33550262,75.04570007
0.63642198,68.42440033,75.52819824
0.63642198,69.25520325,63.21060181
0.63642198,72.88569641,75.88059998
0.63642198,74.30509949,62.28530121
0.63642198,77.83270264,75.67259979
0.63642198,79.24220276,62.04259872
0.63642198,82.54499817,74.91929626
0.63642198,84.00990295,62.30870056
0.63642198,86.48690033,74.40440369
0.63642198,88.31300354,63.12039948
0.63642198,90.29640198,74.11489868
0.63642198,92.04540253,64.37670135
0.63642198,94.01689911,73.50749969
0.63642198,95.02130127,65.70439911
0.63642198,96.72740173,72.36509705
0.87119061,99.79927826,69.48184967
1.08150327,100.05221558,70.43838501
0.80876255,100.1280899,70.12767792
0.66440398,-26.05200005,39.03120041
0.73611498,-38.58039856,7.00361013
0.73756802,-30.79360008,55.85449982
0.76918399,-36.68220139,4.90916014
0.77788103,-35.23529816,9.25249958
0.82520598,-1.66446996,74.54750061
0.86062098,-30.65180016,49.08129883
0.87526399,-26.7833004,65.13890076
0.892757,-38.50159836,5.37091017
0.93974519,-38.26978302,8.48340702
1.00060999,-28.26079941,41.77809906
1.03397,13.27470016,38.42060089
1.18382895,-37.33644104,6.87341166
1.09179997,-39.49470139,6.99665022
1.09582996,-20.58370018,73.00050354
1.10027003,-23.27179909,37.47850037
1.11152005,-35.88840103,9.24403
1.2493217,-35.80910492,4.2331419
1.24418724,-37.18955231,7.88645124
1.15732753,-34.88957214,4.5803709
1.30847466,-37.12677002,5.47138596
2.89428854,-27.73007011,43.69617081
1.48738956,98.74716187,68.47237396
1.25777996,-39.11909866,8.44099998
1.63631928,-33.09040833,5.96950912
1.27065003,-15.98569965,40.27399826
1.27708006,-38.04259872,4.49906015
1.28767002,-39.37070084,5.25297022
1.28916001,-27.69879913,63.18619919
1.30224001,2.58124995,73.7390976
1.4152981,-36.75323868,5.04016495
1.39244998,-17.02409935,41.91790009
1.43140996,-21.10840034,38.45920181
1.46914995,-26.29840088,37.24879837
1.47656,-17.79739952,41.79100037
1.48863006,-28.78849983,60.07820129
1.50515997,6.1925602,37.78139877
1.52131999,98.81300354,71.2621994
1.69561064,-36.15584946,8.9276762
1.68034995,7.08098984,73.35610199
1.73446,-38.80479813,4.2841301
1.99941516,-36.37353897,4.73037243
1.75974,-30.31019974,51.97320175
1.76612997,96.77719879,66.82879639
1.80183005,1.56411004,37.73960114
2.19638038,-32.96847153,5.06981897
1.70773542,-32.7178154,7.22434807
1.83367002,-40.10499954,6.94441986
1.83825004,-17.98340034,41.69900131
1.87565005,-37.89410019,9.39396954
1.88928998,-33.34249878,10.48400021
1.89212,-37.26399994,4.02431011
1.93692005,-39.68569946,8.27371025
1.98747003,-11.08650017,75.91069794
2.01941991,-6.61441994,75.42970276
2.03800988,-39.94300079,5.31934977
2.04187989,-34.29150009,10.52190018
2.89758396,-34.96938705,4.24953127
2.08239007,96.76110077,72.19519806
2.08305001,-2.95862007,37.79759979
2.09252,-32.43529892,10.18109989
2.10163999,-29.60980034,49.2010994
2.15341997,-26.96229935,40.69110107
2.29282999,98.75350189,70.84190369
2.35135007,94.92500305,65.77410126
2.39188004,-34.35010147,4.27158022
2.42113996,-37.82210159,3.75415993
2.42954993,-28.99629974,56.14699936
2.43221998,-35.22969818,10.44340038
2.43971992,-39.35449982,4.43852997
2.44882011,-38.35390091,9.18185043
2.4837501,94.08540344,73.20249939
2.51031995,-26.98320007,34.73630142
2.54071999,-23.85149956,35.23709869
2.54764009,98.49649811,69.06400299
2.60930991,-36.31190109,4.02734995
2.60941005,-16.36499977,74.08080292
2.67663002,98.61889648,70.00700378
2.8865664,-39.55300522,7.78775263
2.76149011,91.98349762,64.54470062
2.96627116,-39.88384628,6.77582073
2.77934003,-16.21150017,42.97629929
2.78083992,-18.78580093,39.854599
3.8507061,-31.91961288,4.43310022
2.78541136,-35.83024597,10.53129005
2.80051994,-25.60000038,63.05699921
2.80052996,-19.48880005,71.52960205
2.84025002,52.19219971,66.0223999
2.86072993,90.41300201,73.74479675
2.88609004,54.97710037,73.41049957
2.89194012,96.66889954,67.19940186
2.89990997,-22.24900055,35.80210114
2.90393996,-13.2677002,75.21549988
2.92266989,55.28440094,65.9937973
2.94485998,45.08110046,73.75530243
2.95801997,39.80490112,74.58769989
2.97753,59.51549911,73.94789886
3.13232923,-23.11328125,66.06756592
2.99995995,58.69419861,65.7594986
3.15406704,-39.74772263,5.66528416
3.0041101,53.05690002,62.39210129
3.04622006,-15.45479965,42.94469833
3.05939007,-38.29909897,3.94291997
3.05970001,50.67580032,73.35900116
3.06384993,52.52360153,57.08560181
3.23187041,-38.27219009,8.77192974
3.01398635,-31.03413773,7.67192554
3.08964992,-16.46520042,42.8769989
3.10250998,-20.3118,70.22589874
3.10651994,50.34999847,53.46239853
3.12310004,88.35690308,63.42229843
3.15525603,-32.60066605,12.49279976
3.15009999,16.63349915,74.1292038
3.23628974,-26.47708702,59.63920593
3.15796995,64.13189697,64.57099915
3.16334009,86.6411972,74.03369904
3.16577005,64.53710175,74.61579895
3.16742992,-31.14730072,12.41629982
3.16901994,-40.39920044,8.55653
3.17082,-31.18079948,6.3281498
3.17181993,-36.64649963,3.76604009
3.17947006,-28.24839973,46.2641983
3.18260002,47.68849945,49.93719864
3.24770999,43.6291008,47.75260162
3.25664997,-41.02880096,7.43439007
3.5084312,-39.31056213,5.1393652
3.3125701,33.43389893,74.93180084
3.3220799,69.27809906,63.5625
3.32994008,-8.38222027,38.64360046
3.33158994,84.16159821,62.69390106
3.33265996,-30.59679985,10.5461998
3.36841011,74.32830048,62.71049881
3.37090993,-25.55789948,30.70389938
3.37206006,79.42649841,62.46429825
3.39668989,96.7881012,71.36389923
3.41619992,39.26599884,46.60860062
3.43179989,82.71589661,74.52290344
3.44638991,-31.41250038,5.30608988
3.46536994,-20.54899979,68.6190033
3.46854997,-38.8987999,9.38875008
3.49202991,22.38890076,74.14199829
3.50544,27.75510025,74.53530121
3.56689,68.70610046,75.11299896
3.62899995,-41.05649948,5.88453007
4.1342473,-35.35531616,4.07517099
3.6556201,-13.45409966,41.19660187
3.66637993,78.12609863,75.21679688
3.72589993,-23.74620056,31.04050064
3.72870994,-36.98920059,3.91830993
4.01238155,-33.17998886,4.0258255
3.74587011,73.21350098,75.4477005
3.75042009,-26.80459976,26.77429962
3.75759006,-28.10750008,30.50160027
3.78811002,-27.17989922,38.80599976
3.7920301,-36.56639862,10.20790005
3.79252005,-28.36910057,52.25529861
3.95723653,-38.37290192,4.70044231
3.83463001,94.70890045,66.28469849
3.86535001,96.67990112,68.32879639
3.98154998,-11.07800007,39.63779831
4.01262999,33.32759857,45.09700012
4.01733017,-31.54529953,14.54240036
4.02384996,96.75060272,69.92209625
4.03134012,-27.52039909,44.5780983
4.03568983,-2.33913994,74.14420319
4.03593016,-25.55459976,26.88540077
4.05022001,-29.89459991,14.68980026
4.06409979,-27.10610008,55.99969864
4.0679698,-40.36629868,4.96632004
4.0703702,-36.76330185,10.4744997
4.07236004,-34.0019989,12.22809982
4.04154444,-40.46873856,8.88401699
4.09173012,-29.53499985,12.47169971
4.11452007,2.43530011,73.16570282
4.44498968,-34.26446533,3.97518969
4.17607021,-41.23099899,7.6515398
4.19746017,-20.0237999,36.67589951
4.21673012,29.05349922,43.71390152
4.29633141,-28.8175354,17.52217293
4.27455997,-17.67379951,40.96509933
4.28085995,94.20439911,71.92939758
4.45162821,-29.88134956,18.41657066
4.3064599,21.95680046,41.1814003
4.32304001,17.56360054,39.72790146
4.33352995,26.05870056,42.71440125
4.35669994,-37.15999985,4.41704988
4.39735985,-28.5760994,21.43460083
4.41981983,-15.01749992,43.77500153
4.43495989,43.61399841,47.70339966
4.40703344,-30.26345444,6.82588387
4.45015001,-28.82430077,26.8973999
4.4516201,-14.19979954,72.3742981
4.46028996,-17.29820061,69.99160004
4.52288008,-29.77910042,8.93824005
4.5380702,-27.20179939,21.63019943
4.54794979,-23.37490082,61.90940094
4.5580101,-41.22029877,6.00075006
4.55988979,-27.37269974,35.6629982
4.59265995,-7.93147993,74.32969666
4.60687017,54.85889816,71.93840027
4.96361065,-35.96995926,4.24175358
4.61638021,-30.70199966,5.46123981
4.62717009,-27.58309937,49.48360062
4.6573,-27.22069931,42.77999878
4.66654015,-29.37150002,10.57439995
4.66718006,-15.28129959,43.6291008
4.66739988,-38.95050049,4.27687979
4.67222023,39.2378006,46.75389862
4.69246006,91.748703,65.28040314
4.72461987,-14.30949974,44.16080093
4.72610998,50.53170013,71.79820251
4.72919989,-21.70529938,64.21489716
4.75909996,13.36950016,38.78160095
5.10167551,-32.01705933,4.13173914
4.78076982,-34.59069824,12.11559963
4.85558987,45.12990189,72.87259674
4.92387009,-31.18390083,4.63438988
4.92507982,-36.86360168,10.6637001
4.92940998,6.64539003,72.89209747
4.95873022,48.07720184,49.55170059
4.98495007,-40.39860153,4.9822402
4.98506021,94.55139923,67.79820251
4.99238014,59.60720062,72.54000092
4.99796009,-28.58239937,12.36509991
5.06586981,-40.23429871,8.76821041
5.10454988,90.68430328,72.25559998
5.10988998,-33.05350113,14.52610016
5.12717009,-21.54750061,31.79380035
5.13184977,-28.32929993,14.2723999
5.13648987,55.40219879,66.78359985
5.13846016,-19.97400093,65.73739624
5.14508009,-32.33670044,16.67900085
5.1469698,94.37950134,69.96720123
5.15582991,-30.3260994,21.27890015
5.15697002,-40.90589905,7.69402981
5.24866009,58.90930176,66.62850189
5.25323009,-38.69739914,9.5625
5.25547981,52.26150131,66.73239899
5.27182007,33.28540039,45.51520157
5.27371979,-37.17839813,3.92810988
5.33994007,-27.03840065,47.19039917
5.36463022,-31.42970085,18.43300056
5.44721842,-27.09132004,17.32614708
5.40983009,88.24500275,64.54199982
5.43509007,-23.51939964,27.06520081
5.4351902,44.05680084,45.97340012
5.43592978,52.96250153,61.58280182
5.48679018,-40.84410095,6.21123981
5.5166502,-28.54649925,30.71999931
5.51753998,-38.91220093,4.24965
5.52175999,64.86579895,73.14080048
5.57033014,8.36516953,38.28590012
5.68994045,-35.03043747,4.05867672
5.57783985,-26.03240013,52.41590118
5.58100986,51.01449966,52.06719971
5.58150005,64.37400055,65.62809753
5.58598995,-23.10129929,59.25559998
5.59345007,52.75529861,56.11439896
5.59514999,39.81880188,45.51440048
5.61818981,-25.4829998,21.78000069
5.67444992,-10.29609966,73.47709656
5.69147015,55.07049942,70.23320007
5.69365978,52.16960144,66.53730011
5.69941998,-24.72719955,56.06159973
5.70316982,87.06109619,72.53800201
6.26921368,-36.37832642,10.57271957
5.76750994,-19.25270081,36.72219849
5.77761984,12.02060032,73.59980011
5.84857988,-40.02389908,5.29174995
5.85606003,84.20619965,64.04579926
5.87503004,-17.73450089,67.1780014
5.88726997,52.89450073,61.38890076
5.92132998,-29.07309914,27.03079987
5.92408991,40.32870102,73.65190125
5.95482016,69.47979736,64.8062973
6.12637186,-16.68747902,40.96388245
6.01480007,79.59300232,63.93489838
6.03411007,-26.49340057,45.19490051
6.0350399,91.43659973,67.24230194
6.06357002,74.49559784,64.18840027
5.96517706,-30.50336075,6.25500441
6.06787014,-37.01369858,3.88146996
6.24307442,-37.89077759,9.04442787
6.07502985,55.21030045,68.3030014
6.07868004,-20.63500023,61.72050095
6.11136007,45.05970001,72.00009918
6.11526012,33.44900131,45.90119934
6.13017988,3.81132007,38.54339981
6.13852978,-39.03160095,8.16055012
6.14257002,50.1283989,69.09770203
6.14803982,16.54770088,73.66790009
6.53493452,-34.30353165,4.07331991
6.16232014,83.17279816,72.94909668
6.17231989,52.75059891,56.19850159
6.09156418,-19.58958817,63.65540314
6.17557001,-11.39540005,42.63169861
6.20889997,91.05989838,69.90820313
7.19349527,-31.91228294,4.44212532
6.22765017,-29.58049965,9.0054903
6.23083019,-31.19709969,4.93773985
6.24183989,-26.55450058,43.31119919
6.28043985,-39.31760025,7.23293018
6.28960991,59.55739975,70.41459656
6.29325008,-25.18770027,49.01259995
6.29519987,-38.62789917,4.6213398
6.30587006,-34.83060074,12.12679958
6.31009007,69.25640106,73.60089874
6.34764004,22.46910095,73.49240112
6.35446978,45.64830017,42.57889938
6.85981798,-35.35090637,4.23006248
6.37031984,34.24729919,74.63089752
6.37471008,27.55590057,73.97059631
6.39369011,-28.99760056,10.5571003
6.3959198,59.29019928,68.22280121
6.40480995,-26.89450073,36.37580109
6.48762989,0.123411,38.93859863
6.48858976,-38.86859894,8.17745972
6.50858021,78.76029968,73.48899841
6.5357399,-26.55330086,41.11040115
6.7621789,-38.8365593,6.23355627
6.55630016,-30.98189926,21.34189987
6.58240986,-14.21790028,45.00690079
6.59587002,42.33750153,42.20869827
6.59984016,-20.93250084,31.7560997
6.61512995,35.90930176,45.03409958
6.63927984,73.88159943,73.8022995
6.66205978,-39.07970047,7.24660015
6.6777401,-13.64920044,45.29880142
6.72046995,50.21080017,68.71579742
6.73646021,-28.07500076,12.44519997
6.77466011,-22.57889938,56.21429825
6.78113985,-36.76179886,4.24778986
6.80070019,87.92990112,66.90260315
7.06972313,-38.32711029,5.78872442
6.84221983,-32.88619995,16.70779991
6.85473013,-20.58359909,59.0381012
6.90439987,-32.19820023,18.47929955
6.90711021,-37.94309998,9.80673981
6.93382978,64.77339935,67.80410004
6.93432999,-22.82430077,26.94079971
6.94260979,64.9838028,70.6411972
6.95288992,-12.78880024,45.31570053
6.97590017,-33.41899872,14.63710022
7.22596979,-25.05448151,45.52214432
6.98952007,-23.81690025,52.55609894
7.00577021,87.53079987,69.91940308
7.02427006,-27.41320038,14.37580013
7.02770996,51.96670151,51.56969833
7.03603983,-39.22980118,8.82779026
7.06334019,-18.48469925,62.05709839
7.0927701,-3.57339001,72.81310272
7.10306978,-24.83099937,21.77560043
7.12720013,39.9878006,41.6534996
7.13254976,-36.02489853,10.84399986
7.13448,-16.21249962,41.2507019
7.32642412,-37.43414307,5.42378092
7.15265989,-7.91369009,41.07180023
7.18815994,28.25060081,46.08110046
7.19119978,-27.80669975,31.24880028
7.21302986,17.84810066,42.04800034
7.22059011,44.40129852,38.68470001
7.23156023,50.21469879,68.35569763
7.23302984,47.60200119,38.81790161
7.25960016,83.95559692,66.73880005
7.28026009,-26.42440033,16.60470009
7.29635,-39.50090027,7.72738981
7.34919024,-18.61070061,36.61059952
7.35052013,-16.45100021,40.5727005
7.36713982,52.91989899,65.85949707
7.37517977,21.76420021,43.65250015
7.38316011,-25.68720055,18.66020012
7.38724995,-3.80448008,39.71440125
7.87105465,-33.59780884,4.41073179
7.45717001,-11.39150047,70.95210266
7.61734343,-36.18502426,5.12388229
7.48832989,42.8443985,38.35290146
7.50393009,83.61740112,70.11840057
7.50954008,79.44619751,66.90650177
7.52222013,69.70610046,67.52829742
7.55319023,25.47540092,45.44279861
7.59328985,-37.76169968,10.27429962
7.65072012,14.00279999,40.86019897
7.65668011,-39.09840012,6.50929022
7.66438007,74.4865036,67.21990204
7.67048979,-34.98519897,4.6802702
7.68988991,-14.07600021,68.64730072
7.69412994,69.60900116,70.85549927
7.69509983,49.67359924,42.7942009
7.70193005,51.19400024,47.8647995
7.70378017,-35.8302002,11.24790001
7.72248983,-25.02050018,43.29150009
7.7476902,-34.36199951,12.40190029
7.77821016,1.57407999,72.31510162
7.78958988,-17.86940002,59.3572998
7.79336977,79.20410156,70.52999878
7.79547977,-28.61170006,27.00889969
7.80683994,-25.3784008,41.46070099
7.83158016,-39.0223999,9.24195957
7.85810852,-30.27567863,8.52982903
8.02285767,-31.51897049,5.36346912
7.88326979,-20.0720005,56.25230026
7.89285994,49.8830986,38.82960129
7.90452003,-20.3878994,31.74349976
7.90770006,-25.9762001,36.84289932
7.91601992,74.30169678,70.84159851
7.97748995,-38.42570114,5.81070995
7.97785997,-30.55439949,21.42770004
8.0115099,-16.10989952,62.96459961
8.06805992,-17.38380051,56.41080093
8.0727396,-21.54290009,52.94620132
8.1729517,-32.51502228,4.48506021
8.08026981,-29.29470062,10.65410042
8.11378002,47.19739914,33.85720062
8.14334965,-39.29579926,8.05657005
8.14385986,-15.09360027,65.55419922
8.1652298,45.2779007,71.09030151
8.20331955,-31.82010078,18.48489952
8.20394039,-22.34339905,48.65359879
8.21936035,50.60630035,33.98519897
8.22764015,9.98647022,40.11840057
8.25922966,-15.86489964,53.54800034
8.28166962,6.53599024,72.01069641
8.28699017,-32.33039856,16.65970039
8.30300045,-35.43719864,11.34329987
8.31562996,-13.81400013,50.21490097
8.32923985,-37.30540085,10.37310028
8.33485031,-37.39070129,5.30066013
8.36452007,-28.13990021,12.51270008
8.70343781,-34.29890823,4.86314297
8.3810997,-8.79854012,44.06990051
8.38809967,27.80559921,47.33319855
8.39923954,-14.83040047,49.66139984
8.42329025,-32.67480087,14.89589977
8.4514904,-38.92259979,6.72979021
8.48624039,-14.65950012,53.86009979
8.48752975,-26.90530014,31.78429985
8.50831032,40.89030075,72.92060089
8.51562023,54.06299973,59.93610001
8.51593018,-12.87940025,46.5705986
8.53065968,-13.89990044,45.93870163
8.54708958,-15.19340038,58.80690002
8.54841042,-15.77560043,41.51800156
8.55986977,-15.43719959,56.770401
8.56847,-38.41009903,9.38484955
8.58975029,34.42219925,73.50869751
8.59424019,-15.04220009,60.53300095
8.62028027,-35.92829895,4.92192984
8.64070988,22.16769981,72.10590363
8.6844101,-11.5788002,46.9455986
8.69589043,-27.24500084,14.29930019
8.70069027,-16.21120071,40.32600021
8.70137024,-38.25559998,5.93124008
8.75067997,-6.55891991,71.56759644
8.75930023,-22.49920082,26.8803997
8.80259037,-24.72489929,21.70070076
8.80766964,-18.89100075,53.1269989
8.83345985,-38.64849854,8.30698967
8.85165024,-32.23210144,5.11543989
8.88138008,51.03179932,30.26539993
8.89126015,-33.46569824,12.83069992
8.89317036,-18.67569923,36.6012001
8.90023994,-16.86860085,38.84049988
8.90159035,-20.96870041,31.73870087
8.9103899,-22.00709915,46.07040024
8.93356991,26.16010094,72.05809784
8.98624039,54.40240097,54.75090027
8.99139023,-37.31880188,5.41058016
9.02882957,-10.73309994,50.21390152
9.04395962,-19.73259926,47.97850037
9.04629993,11.63290024,72.16210175
9.04841042,-38.36230087,7.04645014
9.05165958,-34.74520111,11.26910019
9.11102009,6.04527998,40.17990112
9.12300968,-26.16489983,16.44199944
9.28567505,-37.05840683,9.18035221
9.17424011,52.69039917,30.55660057
9.18669987,16.58600044,72.09190369
9.18933964,-5.07891989,42.47069931
9.22989464,-32.18716431,5.86278629
9.19544983,24.71899986,48.2989006
9.49564362,-37.22210312,6.06014013
9.2456646,56.19137955,3.96911263
9.22073746,55.7519722,4.58786297
9.22488976,-24.00749969,37.1473999
9.2321701,-25.49419975,18.4946003
9.23879147,-31.65092468,8.04206753
9.23917007,-22.12509918,43.87609863
9.24312973,-29.18810081,21.5529995
9.2504797,-31.13500023,9.43982029
9.34450722,56.30422592,2.7060473
9.2834301,54.99440002,4.01610708
9.28159046,-35.81639862,5.02689981
9.29883957,55.76520157,2.91121006
9.30033016,-30.31119919,10.9052
9.31809998,33.08639908,44.46110153
9.31882954,31.44630051,46.3003006
9.29049015,58.81685257,5.17934752
9.34150982,36.24850082,40.96630096
9.34416008,-10.18889999,69.8082962
9.36783981,27.90509987,72.04299927
9.38051987,39.47650146,37.3370018
9.39953995,18.20680046,46.1957016
9.40845013,-6.89104986,46.02719879
9.41197968,43.69219971,33.34120178
9.41421986,-13.21510029,63.65459824
9.42022991,-33.62480164,5.2681098
9.42782974,21.82489967,48.04669952
9.45350552,-30.44738007,18.02801514
9.44855976,52.44189835,42.88150024
9.45234966,-22.46929932,42.49219894
9.45419025,-28.97789955,12.6892004
9.46280003,-31.33270073,14.7840004
9.47002983,-27.28890038,27.26720047
9.4436121,57.06989288,6.11447906
9.47375011,-23.11380005,41.23540115
9.48268986,54.44829941,50.02470016
9.49024963,54.73939896,5.0679698
9.49709034,-16.77009964,48.32149887
9.49765968,-25.47229958,31.85989952
9.50123024,57.11930084,3.39302993
9.52025032,53.64039993,46.82559967
9.49216938,60.56772232,5.33526421
9.64923668,60.27064514,3.81517839
9.53267956,56.54750061,7.35494995
9.56626034,-37.25419998,8.13167953
9.58119965,55.74649811,6.71072006
9.60093117,-33.13566589,11.65565968
9.58796978,2.78744006,40.60350037
9.61754036,27.93700027,47.98429871
9.64923954,60.73199844,7.12061977
9.65802002,52.04719925,38.58349991
9.69587994,-37.2057991,7.13268995
9.7111702,53.66210175,27.87870026
9.71273994,-7.88274002,70.65309906
9.71848965,48.59799957,29.81159973
9.73194981,-27.91230011,14.32520008
9.73598003,14.8980999,44.98989868
9.74594975,-35.64070129,5.47959995
9.76502991,-31.91869926,11.04249954
9.78979969,-34.64419937,9.82444954
9.81875992,-11.15190029,53.77310181
9.82476044,-19.40019989,44.94350052
9.83067036,-32.85919952,9.63572979
9.8967886,54.53061676,3.71687341
9.83419991,0.62823403,71.40010071
9.84562016,-25.73679924,21.53840065
9.89379215,-29.82109642,13.74394608
9.87742043,-5.55886984,48.85240173
9.88059998,-1.03994,41.25080109
9.89015007,60.73809814,8.3263998
9.89715004,-33.6969986,6.0254302
9.90721989,52.69260025,33.99860001
9.9103899,54.30899811,27.86120033
9.91213989,-23.82509995,26.94750023
9.92053986,-12.21679974,61.28530121
9.99211788,-33.35913467,8.14760494
9.94550037,55.37509918,2.69297004
9.97461033,-27.30890083,21.48320007
10.00179958,56.06909943,2.29404998
10.078372,60.15216064,2.9206562
10.02060032,-16.04120064,44.65859985
10.15086174,-35.33769989,8.19346809
10.02649975,57.57089996,2.77392006
10.02740002,-21.79680061,31.78019905
10.01992035,61.68780518,5.11003065
10.04230022,-33.60919952,6.85678005
10.07129955,-12.01469994,58.7480011
10.08080006,51.81750107,27.44129944
10.08740044,12.23709965,43.8553009
10.08940029,54.41239929,4.97580004
10.10149956,-35.52600098,6.17043018
10.10630035,-11.71020031,56.81700134
10.11859989,-26.92950058,16.33139992
10.12180042,53.28269958,63.81069946
10.12199974,61.36869812,3.75342989
10.12370014,58.33240128,8.25374031
10.14369965,-10.79930019,66.72910309
10.20183849,62.06390381,7.56618357
10.14560032,-28.59129906,16.30489922
10.16930008,-25.43479919,26.82920074
10.1729002,-26.34410095,18.33309937
10.17980003,-28.02129936,18.24430084
10.19960022,54.10179901,30.53359985
10.20230007,60.81079865,9.9025898
10.20240021,-23.66340065,31.6970005
10.24779987,-35.48809814,7.00660992
10.26509953,-19.36129951,36.84769821
10.27260017,-21.63619995,37.05009842
10.29419994,24.66690063,49.87279892
10.29829979,55.27949905,6.76679993
10.3192997,55.30730057,26.19009972
10.32979965,50.31349945,67.41739655
10.33170033,55.92449951,7.47443008
10.33640003,54.18590164,59.20429993
10.34829998,28.01549911,48.34469986
10.44340038,57.35950089,2.55860996
10.45090008,-19.34980011,42.42269897
10.45119953,61.02050018,2.8636601
10.49120045,62.27529907,9.98305035
10.49610043,-16.74230003,41.45339966
10.54142284,54.38761902,3.54366016
10.51780033,60.76739883,11.73890018
10.54389954,59.06489944,9.51194954
10.55920029,57.56959915,8.35151958
10.61730003,-17.14349937,40.32529831
10.62339973,56.37630081,24.46520042
10.63749981,-5.08239985,51.72169876
10.66219139,55.68738174,2.2724719
10.65240002,54.11780167,25.31299973
10.67609978,-17.79249954,39.0163002
10.75284481,56.21540833,27.83876038
10.71240044,54.81499863,54.25999832
10.74190044,60.36970139,15.15030003
10.75109959,21.8512001,49.68310165
10.75160027,62.2879982,12.11130047
10.7894001,54.36389923,4.81802988
10.83530045,55.64749908,23.87879944
10.9781456,54.7699852,3.32873797
10.86209965,59.63470078,19.15439987
10.87310028,-19.57939911,41.23939896
10.87759972,-20.35720062,40.03630066
10.88160038,56.97200012,26.70070076
11.06960011,56.76223755,2.68213415
11.03470612,55.58559418,2.67765379
10.91650009,45.57979965,70.3707962
10.9467001,57.98860168,25.00289917
10.96109962,57.14170074,22.51549911
10.96889973,18.74710083,48.74869919
10.99960041,58.9231987,23.21139908
11.0340004,59.21509933,11.11229992
11.05717468,62.09959412,3.89677811
11.08010006,54.78160095,50.23540115
11.08160019,61.95460129,15.75650024
11.10249996,56.92910004,8.19400024
11.24987507,55.33246231,7.23020172
11.12349987,53.26879883,2.40524006
11.13070011,-6.91942978,67.92720032
11.13729954,-1.84078002,70.06809998
11.30524635,54.73527527,4.69221783
11.24964619,59.32491302,2.14504313
11.16279984,53.45339966,42.74909973
11.19740009,15.83469963,48.30270004
11.21249962,24.82049942,50.06520081
11.32334137,62.91544724,7.50842333
11.21420002,58.18799973,9.28079033
11.23999977,52.85990143,3.04922009
11.25197506,54.08815002,1.91600502
11.25030041,61.6271019,2.83951998
11.27639961,53.70529938,38.56309891
11.3071003,34.79959869,72.09279633
11.31239986,-2.79077005,44.80369949
11.31719971,-8.51727962,64.73210144
11.32369995,58.30379868,18.16320038
11.3288002,58.88079834,14.39480019
11.35879993,41.65269852,71.77600098
11.37250042,13.57460022,46.979599
11.37829971,54.45090103,46.97019958
11.38700008,-4.00286007,69.07879639
11.40100002,36.43119812,36.8893013
11.40849972,8.18766022,43.23300171
11.44099998,33.69919968,40.42549896
11.57182693,55.0724678,5.72139597
11.45440006,61.35010147,19.62809944
12.06200027,58.44252014,2.0695076
11.60700798,60.5369072,2.23628712
11.50189972,-4.97368002,53.64139938
11.51080036,5.62369013,69.66100311
11.51710033,63.3144989,9.58388996
11.51850033,53.00419998,4.59540987
11.53849983,58.2344017,26.74440002
11.62965107,56.71515656,7.43765163
11.60610008,59.39670181,25.2737999
11.71379662,55.56974792,6.60752249
11.63869953,58.40629959,10.71310043
11.65559959,40.80130005,32.61949921
11.70460033,10.93570042,69.63269806
11.70680046,31.35930061,43.83050156
11.71329975,45.45619965,29.19470024
11.7244997,13.75769997,47.28039932
11.72649956,60.57379913,23.62689972
11.7468996,16.47069931,69.49019623
11.75870037,54.96179962,33.90129852
11.76309967,57.7356987,8.58658028
11.77840042,54.38830185,6.99870014
11.79529953,63.55270004,11.84360027
12.20569992,57.4352417,2.31294394
11.84060001,18.8227005,49.21519852
11.84160042,55.02809906,7.62829018
11.84230042,21.76910019,50.07400131
11.85429955,30.10029984,45.69369888
11.89550018,49.65459824,26.71220016
11.89610004,16.09830093,48.49000168
11.97910023,5.35351992,43.38000107
12.05179977,56.47019958,8.08500004
12.12650013,-6.34427023,62.31769943
12.15620041,52.63410187,24.33769989
12.16489983,55.79740143,1.90243995
12.17479992,1.33345997,43.81560135
12.17959976,58.13629913,10.2269001
12.2130003,54.01399994,1.55862999
12.21829987,57.67959976,8.94526958
12.22049999,54.01739883,22.73660088
12.26029968,55.11560059,21.31189919
12.27390003,56.45429993,30.63409996
12.28199959,22.00020027,69.40950012
12.28540039,52.9457016,2.07240009
12.28999996,57.38510132,17.40259933
12.3071003,63.4715004,15.80519962
12.32439995,57.88830185,13.83230019
12.34010029,-4.48246002,65.88069916
12.40330029,-4.95023012,57.11800003
12.42020035,28.00919914,48.4715004
12.42440033,52.48339844,2.81488991
12.45899963,-5.10950994,59.19490051
13.54023361,58.70747757,1.95970094
12.56820011,2.07988,68.20580292
12.57359982,58.41889954,28.37220001
12.58600044,-1.08892,47.45709991
12.60929966,9.45855045,45.61190033
12.61769962,52.62070084,4.35839987
12.67276096,16.61518097,49.4413147
12.67679977,56.44260025,8.09280014
12.71870041,14.61940002,48.72740173
12.73260021,62.69200134,19.78980064
12.73890018,25.78359985,69.10179901
12.74969959,54.03179932,6.8450799
12.7823,60.04290009,27.08839989
12.78310013,-0.93793303,67.03759766
12.7954998,18.91740036,49.9477005
12.79819965,51.78699875,62.62350082
12.80379963,54.7798996,7.50881004
12.82330036,60.76710129,2.18212008
12.83069992,11.46539974,67.56079865
12.86180019,25.07530022,49.80139923
12.86429977,19.04409981,50.99010086
12.8671999,21.75270081,50.24620056
12.87940025,61.18019867,25.7385006
12.89210033,53.34199905,58.39039993
12.9406004,61.73619843,24.91090012
12.95199966,36.80690002,37.10070038
12.96689987,58.02930069,10.26439953
12.97939968,21.7052002,53.8913002
13.00349998,40.80879974,32.54460144
13.00809956,57.55939865,8.77604961
13.03789997,19.28240013,53.53950119
13.03829956,15.17029953,50.36159897
13.04959965,55.95589828,1.85977006
13.05280018,48.81900024,66.28669739
13.05739975,17.92000008,53.55120087
13.13803577,62.19382477,3.77972388
13.08510017,8.77717972,66.99880219
13.09309959,16.28409958,67.56020355
13.11660004,6.95538998,45.73749924
13.12689972,61.76810074,2.76636004
13.13269997,53.94940186,54.00249863
13.14659977,62.01100159,23.4633007
13.12353039,20.68229103,57.00202942
13.15219975,28.9659996,69.11910248
13.15979958,58.06900024,13.78670025
13.18330002,-0.099103,50.42100143
13.21829987,57.09899902,17.17239952
13.22119999,18.23069954,57.19979858
13.2276001,21.76129913,51.30469894
13.23099995,56.55799866,7.82775021
13.23709965,42.00239944,70.21179962
13.23760033,53.98469925,1.53424001
13.23880005,25.17499924,50.71630096
13.28709984,11.54699993,49.25500107
13.29430008,12.95419979,65.29190063
13.30340004,53.75059891,50.77510071
13.31029987,33.84230042,40.44210052
13.31980038,57.48189926,2.42596006
13.37734795,62.89725113,7.23373938
13.32820034,16.13879967,53.44879913
13.33339977,22.93359947,57.29040146
13.38930035,44.91070175,68.96620178
13.38930035,51.67340088,42.95510101
13.42339993,44.91410065,28.96229935
13.42389965,52.62260056,47.45299911
13.45020008,-2.23670006,63.70859909
13.49110031,16.64209938,57.07870102
13.51210022,63.16189957,9.12254047
13.51580048,2.85924006,46.46969986
13.52600002,52.83349991,1.96194005
13.52950001,51.80989838,38.69620132
13.54969978,18.04829979,60.33610153
13.70882034,56.2774353,2.19525146
13.6019001,14.94250011,62.62590027
13.61200047,16.07029915,60.61270142
13.6157999,20.43280029,60.06900024
14.13015747,57.81985474,10.11104393
13.62889957,57.3268013,8.2283802
13.6480999,10.45709991,64.93099976
13.64939976,49.33909988,26.63439941
13.65550041,23.8253994,54.57429886
13.66380024,63.33769989,11.42389965
13.67160034,53.44169998,33.91590118
13.67479992,52.40999985,2.64225006
13.6935997,16.46920013,65.35119629
13.69649982,22.78899956,59.7804985
13.77392387,56.30158234,6.98429108
13.72109985,54.68939972,7.11915016
13.72789955,53.92079926,6.49223995
13.74250031,5.73719978,65.96949768
13.75399971,52.53509903,4.02311993
13.78009987,52.3390007,24.05240059
13.79520035,53.77750015,22.50790024
13.79819965,60.37919998,2.09653997
13.80039978,54.96229935,20.96339989
14.10920525,57.9974556,2.06374621
13.80819988,8.62825966,49.15790176
13.90637779,55.16291428,2.29873538
13.84230042,57.00640106,17.10610008
13.84889984,-1.22791004,62.63119888
13.84889984,35.31389999,69.10870361
13.84980011,17.17760086,62.62039948
13.87349987,56.02590179,30.5666008
13.90209961,1.97646999,64.89779663
13.94569969,58.18510056,13.75039959
14.02753925,55.36463547,6.26687384
13.98270035,0.46446201,53.17210007
13.98449993,51.48189926,33.79499817
14.38457298,59.52447891,2.0712626
14.02779961,13.02229977,53.14039993
14.02840042,49.70529938,38.49499893
14.04370022,56.00439835,1.62323999
14.13622665,53.94741058,2.75161743
14.07859993,54.5177002,5.29108
14.08740044,58.1908989,28.38129997
14.10980034,30.47100067,45.3083992
14.11880016,11.84889984,62.01919937
14.17549992,4.33744001,49.65919876
14.17590046,63.05459976,15.34309959
14.17910004,53.93349838,4.00824022
14.20639992,48.22909927,38.52310181
14.24370003,12.26949978,60.91199875
14.26780033,54.1739006,30.17539978
14.37301826,53.97760391,2.68579888
14.29660034,57.47600174,8.73752022
14.32489967,7.35085011,64.33429718
14.32970047,50.03039932,33.76720047
14.34679985,28.38660049,48.93669891
14.36139965,0.032634,59.95909882
14.36730003,20.49570084,62.00239944
14.43817234,53.96406937,4.33655691
14.37510014,49.6590004,43.09749985
14.39509964,56.19240189,7.74094009
14.41069984,25.93239975,51.44219971
14.44849968,62.40890121,19.49650002
14.45470047,3.28838992,63.42490005
14.45650005,9.84601021,52.88669968
14.50430012,61.13929749,25.12101746
14.47259998,60.29069901,26.36569977
14.49090004,49.62269974,62.19290161
14.49240017,54.604599,7.01698017
14.50020027,42.12870026,32.93600082
14.5024004,61.96749878,23.13579941
14.54329967,47.01990128,64.76049805
14.54409981,54.45780182,1.65445006
14.55239964,42.77899933,67.51080322
14.57460022,0.74231499,56.97779846
14.58209991,37.85469818,37.90909958
14.58909988,13.2052002,57.0658989
14.59070015,46.90380096,38.61230087
14.70813847,52.99429703,30.01562691
14.6864996,58.55130005,13.83689976
14.75650883,56.12518692,27.60984612
14.71039963,57.4858017,17.21509933
14.71500015,53.96929932,6.32959986
14.71720028,60.86199951,2.59177995
14.7322998,51.40980148,57.75839996
14.73840046,50.38660049,47.70360184
14.7432003,9.21827984,61.37350082
14.78059959,48.83119965,33.76259995
14.78450012,56.46820068,1.58252001
14.79500008,47.65969849,43.2030983
14.87920952,57.65333176,8.95769405
14.80739975,53.24980164,2.07800007
14.81649971,5.57879019,52.95550156
14.84720039,49.83110046,26.44149971
14.86200047,51.61510086,54.14979935
14.86909962,22.82710075,61.917099
14.85041046,52.82255936,24.00526619
14.89249992,51.26539993,51.62630081
14.89519978,55.11420059,21.24939919
14.9034996,46.19400024,29.11499977
14.90839958,21.57229996,65.85919952
14.93889999,49.48809814,47.43659973
14.98089981,10.17819977,56.9917984
14.98910046,52.7901001,2.6085999
14.99450016,58.24629974,10.29640007
15.05479527,21.10789108,64.03466034
15.04339981,5.13010979,60.7201004
15.08539963,56.32559967,7.88992977
15.09689999,52.71239853,3.9546001
15.18278885,58.29029846,2.53121543
15.18360043,5.88125992,56.91999817
15.18830013,23.59539986,65.29329681
15.32830048,62.50519943,15.10490036
15.3434,57.80889893,25.47270012
15.35579967,62.62080002,11.31000042
15.38140011,59.28210068,14.04249954
15.38749981,61.26599884,3.2016201
15.40040016,54.74769974,7.23912001
15.4350996,35.02909851,41.80979919
15.45820045,54.82619858,1.51327002
15.46630001,62.41619873,9.02110004
15.49120045,45.07109833,63.00239944
15.49479961,25.89920044,59.59600067
15.49750042,56.85490036,1.95827997
15.53849983,61.50719833,3.91802001
15.53919983,43.30550003,64.02729797
15.53990364,62.14383698,6.89407444
15.54209995,46.86410141,29.3383007
15.55020046,43.32989883,33.35409927
15.55720043,59.02270126,24.02190018
15.56869984,46.12670135,62.04529953
15.58262825,61.85312271,5.34729433
15.80491734,61.38728714,18.56439781
15.59770012,26.00110054,64.84680176
15.63360023,60.07220078,22.7269001
15.63650036,50.28369904,26.50830078
15.64159966,43.89709854,43.52500153
15.65359974,36.89030075,65.76799774
15.66940022,54.09809875,6.47467995
15.67160034,51.20149994,29.96890068
15.71476936,53.26776505,24.09703255
15.69279957,59.05459976,10.33300018
15.69890022,56.66059875,7.67266989
15.72840023,26.17329979,57.48720169
15.75039959,54.24290085,27.39620018
15.75469971,26.43490028,55.24319839
15.76399994,62.08140182,15.00349998
15.77400017,46.94549942,33.7582016
15.77670002,58.34090042,17.48749924
15.78349972,27.8295002,52.27170181
15.78349972,53.69530106,1.92291999
15.80959988,25.89999962,62.29449844
15.82110023,55.92879868,21.26530075
15.87138176,58.47016525,8.6223793
15.91335201,48.33950424,58.04036713
15.88809967,29.66309929,49.72069931
15.91759968,44.3810997,61.96730042
15.95709991,44.02769852,38.66519928
15.9776001,30.23320007,64.67389679
15.98130035,59.62770081,14.30239964
16.09653664,57.23418808,2.40516376
16.00709915,53.01150131,2.46912003
16.00790024,32.08810043,46.02939987
16.15745735,57.80873489,24.07887268
16.0821991,52.91450119,3.90655994
16.10169983,59.2765007,2.80561996
16.10339928,45.76390076,47.67610168
16.12540054,58.88029861,17.84199905
16.18857002,57.39261246,7.16287518
16.16930008,38.61040115,63.5788002
16.17560005,42.5306015,43.60540009
16.21559906,48.49029922,29.65660095
16.21629906,40.39310074,38.68640137
16.30059052,45.34744644,58.40648651
16.2215004,59.20289993,22.49959946
16.23950005,48.81750107,54.36000061
16.24069977,61.28770065,14.80889988
16.24220085,55.12519836,7.11256981
16.2446003,40.60029984,61.60789871
16.26049995,44.87680054,33.60020065
16.28580093,48.23550034,52.1271019
16.29050064,28.90600014,62.47520065
16.29660034,60.38700104,18.59620094
16.30750084,55.23830032,1.79026997
16.54524994,56.2052803,2.61651087
16.35969925,28.47509956,60.20119858
16.36120033,51.73529816,26.94409943
16.36510086,60.18040085,14.52820015
16.44818878,42.24430466,58.14725113
16.4371624,61.63131714,11.02120018
16.42679977,59.52870178,10.88259983
16.55314064,56.68512344,6.39958382
16.45870018,57.24169922,2.12213993
16.50139999,42.19680023,38.91149902
16.63776207,40.26196671,57.84113693
16.50989914,54.55899811,6.38079977
16.52869987,42.35620117,47.61460114
16.52869987,54.20880127,24.92919922
16.5298996,31.85059929,62.87900162
16.55190086,43.12239838,55.07860184
16.56920052,40.89830017,55.20809937
16.57010078,43.04729843,52.19269943
16.7634182,38.07769012,60.3348732
16.6086998,45.76340103,54.76480103
16.66130066,54.31629944,2.14164996
16.66869926,45.41059875,52.22439957
16.69820023,28.70899963,57.97740173
16.70669937,41.1242981,52.12099838
16.88492012,58.00094986,8.17917633
16.72060013,30.02869987,60.67350006
16.73010063,38.38529968,42.94660187
16.77968597,55.99365234,5.43916798
16.76079941,59.08679962,9.17959976
16.76810074,40.34749985,43.2521019
16.76910019,55.77719879,23.54759979
16.80620003,60.97050095,11.36830044
16.82449913,29.11380005,55.85860062
16.83300018,60.10219955,11.20440006
16.85129929,59.66030121,3.41009998
16.91918755,60.80255508,7.35430431
16.87350082,53.57289886,2.53471994
16.87709999,33.88430023,46.54949951
16.94249725,55.52353287,4.20003366
16.90909958,53.50220108,3.77805996
16.93707085,55.52661133,3.19654226
16.92469978,30.25180054,53.22119904
16.94319916,57.39239883,22.05509949
16.96780014,36.35189819,46.98889923
17.04389954,38.76100159,47.01869965
17.12553024,56.33823013,2.22147989
17.15081406,55.99811172,6.6423173
17.10099983,32.88330078,60.99340057
17.10219955,38.23139954,57.27659988
17.10219955,39.29259872,54.92419815
17.12849998,59.8885994,4.1221199
17.12899971,31.8239994,50.43610001
17.13120079,57.40430069,2.21894002
17.17665482,60.11005402,5.017416
17.23900223,31.31311226,58.36748886
17.25440025,59.59130096,9.32005024
17.64766693,59.62792206,7.39930534
17.28969955,36.92829895,51.93500137
17.32360077,34.45999908,51.42810059
17.32480049,58.15319824,8.0750103
17.40136719,34.62495422,57.80627441
17.47500038,33.41339874,54.07740021
17.50020027,35.9917984,54.4557991
17.5461998,56.7356987,7.46978998
17.54820061,55.07659912,4.41496992
17.64819908,57.53430176,2.6166501
17.69689941,58.9007988,7.89919996
17.8130703,56.35456085,2.48078465
17.75009918,55.10829926,3.33305001
17.84490013,57.83929825,3.24356008
17.85639954,56.14730072,6.79143
18.00119972,57.17269897,7.43662977
18.19731712,58.42171478,5.08981895
18.13360023,58.09830093,4.09383011
18.3826313,57.62895203,6.62700033
18.46345711,56.72416687,3.22723436
18.28919983,55.2655983,4.79389
18.41160011,55.32699966,3.6029799
18.4571991,56.64649963,6.88335991
18.73929977,56.74940109,5.12015009
18.76469994,56.68889999,4.0457902
18.87269974,55.79159927,3.99654007
18.89710045,55.75719833,5.09430981
